0.545074
0.545074
0.253253
0.545074
0.214803
0.545074
0.260304
0.394495
0.394495
0.365382
0.654948
0.516997
0.545074
0.365382
0.34357
0.214803
0.545074
0.545074
0.504369
0.545074
0.214803
0.608048
0.545074
0.365382
0.102197
0.545074
0.404867
0.0111457
0.521819
0.521819
0.29006
0.0392227
0.153122
0.262996
0.716292
0.521819
0.153122
0.662782
0.153122
0.411945
0.365382
0.149097
0.521819
0.521819
0.411945
0.29006
0.246737
0.262996
0.545074
0.161293
0.494149
0.365382
0.365382
0.29006
0.365382
0.29006
0.545074
0.36279
0.403959
0.34357
0.545074
0.29006
0.545074
0.521819
0.512203
0.494149
0.394495
0.29006
0.545074
0.260304
0.494149
-0.0265696
0.29006
0.260304
0.545074
0.364159
0.260304
0.365382
0.365382
0.29006
0.494149
0.545074
0.0191071
0.545074
0.365382
0.371241
0.521819
0.494149
0.214803
0.545074
0.404867
0.312907
0.654948
0.365382
0.38202
0.545074
0.662782
0.716292
0.312907
0.545074
0.545074
0.545074
0.153122
0.494149
0.149097
0.365382
0.545074
0.214803
0.29006
0.494149
0.29006
0.654948
0.29006
0.654948
0.365382
0.365382
0.365382
0.34357
0.149097
0.545074
0.403959
0.545074
0.149097
0.365382
0.504369
0.364159
0.129867
0.139481
0.365382
0.0111457
0.516997
0.494149
0.365382
0.521819
-0.0265696
0.545074
-0.0265696
0.654948
0.364159
0.365382
0.521819
0.365382
0.365382
0.214803
0.545074
0.29006
0.662782
0.411945
0.364159
0.153122
0.645332
0.149097
0.411945
0.654948
0.494149
0.545074
0.545074
0.545074
0.34357
0.149097
0.139481
0.34357
0.0620706
0.521819
0.34357
0.545074
0.34357
0.0191071
0.253253
0.149097
0.0111457
0.494149
0.34357
0.516997
0.29006
0.545074
0.139481
0.34357
0.139481
0.365382
0.504369
0.504369
0.149097
0.545074
0.662782
0.29006
0.494149
0.29006
0.654948
0.139481
0.545074
0.214803
0.545074
0.545074
0.149097
0.214803
0.394495
0.365382
0.214803
0.260304
0.214803
0.504369
0.411945
0.494149
0.521819
0.504369
0.34357
0.214803
0.504369
0.504369
0.394495
0.545074
0.545074
0.365382
0.365382
0.34357
0.411945
0.394495
0.662782
0.214803
0.38202
-0.131648
0.545074
0.521819
0.34357
0.494149
0.29006
0.411945
0.38202
0.365382
0.29006
0.34357
0.716292
0.521819
0.171945
0.29006
0.504369
0.0191071
0.29006
0.29006
0.194623
0.516997
0.214803
0.716292
0.495919
0.545074
0.545074
0.545074
0.365382
0.29006
0.29006
0.411945
0.654948
0.504369
0.545074
0.0111457
0.504369
0.545074
0.545074
0.29006
0.34357
0.545074
0.34357
0.545074
0.504369
0.365382
0.545074
0.153122
0.662782
0.512203
0.545074
0.16007
-0.00148168
0.27083
0.662782
0.260304
0.662782
0.365382
0.139481
0.29006
0.29006
0.545074
0.494149
0.545074
0.365382
0.545074
0.34357
0.0111457
0.260304
0.364159
0.0111457
0.545074
0.403959
0.214803
0.516997
0.29006
0.365382
0.460669
0.545074
0.545074
0.512203
0.411945
0.494149
0.504369
0.545074
0.29006
0.512203
0.365382
0.29006
0.29006
0.545074
0.504369
0.545074
0.512203
0.545074
0.494149
0.34357
0.394495
0.545074
0.545074
0.25203
0.29006
0.16007
0.231441
0.545074
0.545074
0.474919
0.504369
0.512203
0.654948
0.545074
0.521819
0.545074
0.645332
0.411945
0.645332
0.662782
0.365382
0.364159
0.545074
0.365382
0.153122
0.365382
0.139481
0.29006
0.34357
0.260304
0.521819
0.262996
0.545074
0.494149
0.411945
0.364159
0.494149
0.161293
0.521819
0.521819
0.34357
0.34357
0.654948
0.654948
0.29006
0.312907
0.411945
0.545074
0.494149
0.27083
0.545074
0.365382
0.494149
0.102197
0.34357
0.149097
0.29006
0.29006
0.365382
0.662782
0.38202
0.545074
0.545074
0.365382
0.504369
0.365382
0.545074
0.16007
0.545074
0.494149
0.645332
0.545074
0.260304
0.29006
0.260304
0.545074
0.494149
0.0191071
0.29006
0.260304
0.512203
0.645332
0.394495
0.153122
0.365382
-0.141692
0.149097
0.654948
0.545074
0.645332
0.38202
0.545074
0.29006
0.504369
0.545074
0.411945
0.608048
0.0111457
0.29006
0.521819
0.153122
0.149097
0.365382
0.29006
0.654948
0.545074
0.365382
0.662782
0.494149
0.260304
0.29006
0.365382
0.411945
0.260304
0.654948
0.654948
0.365382
0.29006
0.29006
0.365382
0.521819
0.504369
0.512203
-0.0265696
0.262996
0.365382
0.365382
0.365382
0.29006
0.545074
0.153122
0.109725
0.365382
0.27083
0.545074
0.662782
0.102197
0.365382
0.365382
0.364159
0.394495
0.504369
0.153122
0.29006
0.371241
0.365382
0.364159
0.545074
0.512203
0.403959
0.521819
0.139481
0.545074
0.504369
0.34357
0.504369
0.521819
0.365382
0.545074
0.411945
0.365382
0.545074
0.365382
0.29006
0.365382
0.29006
0.494149
0.214803
0.545074
0.494149
0.545074
0.411945
-0.0265696
0.545074
0.545074
0.365382
0.403959
0.0191071
0.0111457
0.504369
0.364159
0.365382
0.38202
0.521819
0.608048
0.504369
0.16007
0.365382
0.504369
0.149097
0.545074
0.545074
0.34357
0.365382
0.654948
0.260304
0.494149
0.149097
0.545074
0.38202
0.149097
0.403959
0.29006
0.333906
0.00148168
0.2227
0.545074
0.545074
0.596618
0.44378
0.375537
0.2227
0.352729
0.142596
0.486744
0.375537
0.375537
0.111356
0.65628
0.192944
0.375537
0.138699
0.111356
0.111356
0.2227
0.111356
0.111356
0.111356
0.150429
0.515318
0.111356
0.65628
0.150429
0.515318
0.352729
0.117621
0.545074
0.486744
0.2227
0.545074
0.545074
0.311229
0.486744
0.242855
0.375537
0.545074
0.545074
0.596618
0.44378
0.242855
0.2227
0.545074
0.375537
0.44378
0.486744
0.117621
0.375537
0.545074
0.375537
0.242855
0.352729
0.65628
0.375537
0.138699
0.111356
0.311229
0.375537
0.352729
0.145215
0.150429
0.65628
0.474548
0.462673
0.352729
0.111356
0.352729
0.65628
0.00946673
0.515318
0.486744
0.44378
0.65628
0.270459
0.545074
0.545074
0.242855
0.270459
0.545074
0.311229
0.333906
0.230659
0.545074
0.375537
0.192944
0.44378
0.101892
0.242855
0.352729
0.333906
0.0265696
0.2227
0.545074
0.2227
0.111356
0.65628
0.375537
-0.0107142
0.111356
0.283558
0.375537
0.131648
0.111356
-0.0392227
0.111356
0.00946673
0.515318
0.32171
0.130248
0.111356
0.352729
0.00946673
0.345781
0.352729
0.333906
0.345781
0.117621
0.545074
0.545074
0.486744
0.242855
0.375537
0.545074
0.545074
0.253821
0.345781
0.44378
0.2227
0.375537
0.2227
0.242855
0.352729
0.142596
0.486744
0.117621
0.375537
0.2227
0.242855
0.111356
0.448766
0.375537
0.375537
0.138699
0.111356
0.111356
0.150429
0.311229
0.375537
0.00148168
0.65628
0.474548
0.111356
0.352729
0.65628
0.150429
0.515318
0.515318
0.333906
0.44378
0.486744
0.486744
0.117621
0.270459
0.545074
0.545074
0.333906
0.230659
0.375537
0.545074
0.545074
0.352729
0.230659
0.375537
0.242855
0.283558
0.333906
0.0265696
0.375537
0.545074
0.242855
0.352729
0.486744
0.375537
0.375537
0.111356
0.111356
0.375537
0.352729
0.150429
0.32171
0.111356
0.111356
0.44378
0.65628
0.00946673
0.515318
0.333906
0.352729
0.486744
0.486744
0.117621
0.545074
0.439995
0.242855
0.375537
0.545074
0.545074
0.333906
0.2227
0.545074
0.375537
-0.0107142
0.131648
0.2227
0.131648
0.283558
0.333906
0.2227
0.00148168
0.111356
0.65628
0.375537
-0.0107142
-0.0392227
0.111356
0.142596
0.375537
0.131648
-0.0392227
0.150429
0.32171
0.371622
0.111356
0.65628
0.515318
0.352729
0.352729
0.486744
0.117621
0.486744
0.242855
0.375537
0.545074
0.253821
0.486744
0.242855
0.375537
0.545074
0.545074
0.596618
0.2227
0.375537
0.2227
0.242855
0.142596
0.486744
0.117621
0.375537
0.375537
0.111356
0.65628
0.253821
0.111356
0.111356
0.150429
0.111356
0.111356
0.474548
0.462673
0.111356
0.352729
0.515318
0.515318
0.486744
0.44378
0.65628
0.270459
0.545074
0.545074
0.270459
0.545074
0.545074
0.311229
0.486744
0.333906
0.375537
0.545074
0.545074
0.345781
0.596618
0.596618
0.333906
0.375537
0.333906
0.352729
0.142596
0.486744
0.375537
0.545074
0.539182
0.345781
0.375537
0.545074
0.311229
0.375537
0.375537
0.235631
0.150429
0.515318
0.474548
0.462673
0.352729
0.352729
0.00946673
0.515318
0.486744
0.44378
0.486744
0.65628
0.545074
0.65628
0.545074
0.486744
0.375537
0.545074
0.345781
0.596618
0.596618
0.545074
0.375537
0.333906
0.44378
0.142596
0.486744
0.117621
0.545074
0.375537
0.352729
0.345781
0.375537
0.545074
0.117621
0.150429
0.375537
0.375537
0.111356
0.111356
0.150429
0.515318
0.474548
0.462673
0.352729
0.150429
0.515318
0.515318
0.486744
0.44378
0.486744
0.65628
0.270459
0.545074
0.545074
0.270459
0.545074
0.545074
0.311229
0.333906
0.00148168
0.2227
0.545074
0.545074
0.192944
0.352729
0.00148168
0.131648
0.2227
0.242855
0.352729
0.142596
0.333906
0.0265696
0.2227
0.242855
0.111356
0.192944
0.2227
0.111356
0.141692
-0.0392227
0.111356
0.150429
0.515318
0.32171
0.111356
0.352729
0.65628
0.150429
0.515318
0.486744
0.117621
0.545074
0.545074
0.00148168
0.117621
0.141692
