18.048333333333332
18.048333333333332
11.098333333333333
11.098333333333333
9.818333333333328
8.91666666666666
8.733333333333338
8.12666666666667
7.809999999999995
7.476666666666665
7.216666666666671
6.628333333333336
6.466666666666665
6.045
5.951666666666666
5.910000000000004
5.838333333333335
5.7050000000000045
5.5883333333333285
5.413333333333337
5.174999999999996
4.964999999999997
4.800000000000004
4.705000000000004
4.595000000000004
4.516666666666669
4.518333333333335
4.410000000000003
4.320000000000002
4.20166666666667
4.056666666666664
3.936666666666666
3.716666666666668
3.674999999999995
3.5050000000000026
3.4366666666666656
3.361666666666663
3.3666666666666623
3.2466666666666644
3.125
3.056666666666663
2.9716666666666613
2.9200000000000004
2.859999999999996
2.7516666666666634
2.678333333333338
2.6533333333333298
2.610000000000001
2.5183333333333335
2.3499999999999965
2.283333333333337
2.1716666666666717
2.100000000000002
2.0033333333333347
1.9966666666666688
1.9783333333333375
1.9133333333333336
1.8683333333333385
1.8383333333333307
1.756666666666662
1.7216666666666658
1.6216666666666657
1.6233333333333322
1.591666666666669
1.5483333333333293
1.4766666666666706
1.4449999999999963
1.3933333333333353
1.375000000000004
1.3366666666666638
1.3183333333333325
1.251666666666662
1.254999999999995
1.200000000000001
1.1566666666666614
1.0616666666666719
1.0249999999999981
0.9766666666666701
0.9399999999999964
0.9083333333333332
0.8883333333333354
0.8966666666666678
0.8299999999999974
0.7900000000000018
0.7433333333333292
0.7216666666666649
0.6866666666666688
0.6466666666666621
0.6149999999999989
0.5850000000000022
0.5850000000000022
0.5266666666666642
0.5366666666666631
0.5099999999999993
0.4566666666666719
0.42999999999999705
0.4066666666666663
0.4033333333333333
0.40833333333333277
0.4066666666666663