0.6068813314188954
0.6068813314188954
0.4835895240832727
0.6068813314188954
0.1893267302195279
0.6068813314188954
0.3177814777591696
0.31261853755515057
0.31261853755515057
0.4835895240832727
0.616010350839346
0.3713181619080361
0.6068813314188954
0.4835895240832727
0.1893267302195279
0.1893267302195279
0.6068813314188954
0.6068813314188954
0.48755560329970427
0.6068813314188954
0.1893267302195279
0.3713181619080361
0.6068813314188954
0.4835895240832727
-0.14509231400869133
0.6068813314188954
0.3713181619080361
-0.14509231400869133
0.6639827767545656
0.6639827767545656
0.4835895240832727
0.09047085550216788
-0.021800506673068598
0.15313655907148516
0.5879015857273718
0.6639827767545656
-0.021800506673068598
0.7163563332670134
-0.021800506673068598
0.489045711010012
0.4835895240832727
0.2654079212467217
0.6639827767545656
0.6639827767545656
0.489045711010012
0.4835895240832727
0.2601521811081035
0.15313655907148516
0.6068813314188954
0.3177814777591696
0.4835895240832727
0.4835895240832727
0.4835895240832727
0.4835895240832727
0.4835895240832727
0.3177814777591696
0.6068813314188954
0.25348254149915267
0.3713181619080361
0.1893267302195279
0.6068813314188954
0.4835895240832727
0.6068813314188954
0.6639827767545656
0.5879015857273718
0.4835895240832727
0.31261853755515057
0.4835895240832727
0.6068813314188954
0.4835895240832727
0.4835895240832727
-0.14509231400869133
0.4835895240832727
0.3177814777591696
0.6068813314188954
0.14662159438177147
0.4835895240832727
0.4835895240832727
0.4835895240832727
0.4835895240832727
0.4835895240832727
0.4410732850947922
-0.07156000845477956
0.6068813314188954
0.4835895240832727
0.3697199828908208
0.6639827767545656
0.4835895240832727
0.1893267302195279
0.6068813314188954
0.3713181619080361
0.3713181619080361
0.781818397163449
0.4835895240832727
0.4835895240832727
0.6068813314188954
0.7163563332670134
0.5879015857273718
0.3713181619080361
0.6068813314188954
0.6068813314188954
0.6068813314188954
-0.021800506673068598
0.3177814777591696
0.2654079212467217
0.4835895240832727
0.6068813314188954
0.1893267302195279
0.4835895240832727
0.3177814777591696
0.4835895240832727
0.781818397163449
0.4835895240832727
0.616010350839346
0.4835895240832727
0.4835895240832727
0.3177814777591696
0.1893267302195279
0.2654079212467217
0.6068813314188954
0.3713181619080361
0.6068813314188954
0.2654079212467217
0.4835895240832727
0.48755560329970427
0.14662159438177147
0.03530093866260159
0.1893267302195279
0.4835895240832727
-0.14509231400869133
0.3713181619080361
0.3177814777591696
0.4835895240832727
0.6639827767545656
-0.14509231400869133
0.6068813314188954
-0.14509231400869133
0.781818397163449
0.14662159438177147
0.4835895240832727
0.49817473043046256
0.4835895240832727
0.4835895240832727
0.1893267302195279
0.6068813314188954
0.4835895240832727
0.7163563332670134
0.489045711010012
0.14662159438177147
-0.021800506673068598
0.7057372061362553
0.2654079212467217
0.489045711010012
0.616010350839346
0.3177814777591696
0.6068813314188954
0.6068813314188954
0.6068813314188954
0.1893267302195279
0.2654079212467217
0.1893267302195279
0.1893267302195279
-0.021800506673068598
0.6639827767545656
0.1893267302195279
0.6068813314188954
0.1893267302195279
-0.07156000845477956
0.4835895240832727
0.2654079212467217
-0.14509231400869133
0.3177814777591696
0.1893267302195279
0.3713181619080361
0.4835895240832727
0.6068813314188954
0.1893267302195279
0.1893267302195279
0.1893267302195279
0.4835895240832727
0.48755560329970427
0.48755560329970427
0.2654079212467217
0.6068813314188954
0.7163563332670134
0.4835895240832727
0.4835895240832727
0.4835895240832727
0.616010350839346
0.1893267302195279
0.6068813314188954
0.1893267302195279
0.6068813314188954
0.6068813314188954
0.2654079212467217
0.1893267302195279
0.31261853755515057
0.4835895240832727
0.1893267302195279
0.3177814777591696
0.1893267302195279
0.48755560329970427
0.489045711010012
0.3177814777591696
0.49817473043046256
0.48755560329970427
0.1893267302195279
0.1893267302195279
0.48755560329970427
0.48755560329970427
-0.021800506673068598
0.6068813314188954
0.6068813314188954
0.4835895240832727
0.4835895240832727
0.1893267302195279
0.3232376646859088
0.31261853755515057
0.8821643795911167
0.1893267302195279
0.4835895240832727
-0.14509231400869133
0.6068813314188954
0.6639827767545656
0.1893267302195279
0.3177814777591696
0.4835895240832727
0.489045711010012
0.4835895240832727
0.4835895240832727
0.4835895240832727
0.1893267302195279
0.5879015857273718
0.49817473043046256
0.15313655907148516
0.4835895240832727
0.48755560329970427
-0.07156000845477956
0.4835895240832727
0.4835895240832727
-0.09047085550216788
0.3713181619080361
0.1893267302195279
0.5879015857273718
0.3713181619080361
0.6068813314188954
0.6068813314188954
0.6068813314188954
0.4835895240832727
0.4835895240832727
0.4835895240832727
0.489045711010012
0.781818397163449
0.48755560329970427
0.4410732850947922
-0.14509231400869133
0.48755560329970427
0.6068813314188954
0.6068813314188954
0.4835895240832727
0.1893267302195279
0.6068813314188954
0.1893267302195279
0.6068813314188954
0.48755560329970427
0.4835895240832727
0.6068813314188954
-0.021800506673068598
0.7163563332670134
0.5879015857273718
0.6068813314188954
0.14662159438177147
-0.02885487261702313
0.25348254149915267
0.8821643795911167
0.3177814777591696
0.7163563332670134
0.4835895240832727
0.1893267302195279
0.4835895240832727
0.4835895240832727
0.6068813314188954
0.4835895240832727
0.4410732850947922
0.4835895240832727
0.6068813314188954
0.1893267302195279
-0.14509231400869133
0.3177814777591696
0.14662159438177147
-0.14509231400869133
0.6068813314188954
0.3713181619080361
0.1893267302195279
0.3713181619080361
0.4835895240832727
0.4835895240832727
0.1893267302195279
0.6068813314188954
0.4410732850947922
0.5879015857273718
0.489045711010012
0.4835895240832727
0.48755560329970427
0.6068813314188954
0.4835895240832727
0.5879015857273718
0.4835895240832727
0.4835895240832727
0.4835895240832727
0.6068813314188954
0.48755560329970427
0.6068813314188954
0.5879015857273718
0.6068813314188954
0.3177814777591696
0.1893267302195279
0.31261853755515057
0.6068813314188954
0.6068813314188954
0.14662159438177147
0.4835895240832727
0.14662159438177147
0.1893267302195279
0.6068813314188954
0.6068813314188954
0.25348254149915267
0.48755560329970427
0.5879015857273718
0.781818397163449
0.6068813314188954
0.6639827767545656
0.6068813314188954
0.7057372061362553
0.489045711010012
0.7057372061362553
0.7163563332670134
0.4835895240832727
0.14662159438177147
0.6068813314188954
0.4835895240832727
-0.021800506673068598
0.4835895240832727
0.1893267302195279
0.4835895240832727
0.1893267302195279
0.3177814777591696
0.6639827767545656
0.15313655907148516
0.6068813314188954
0.3177814777591696
0.489045711010012
0.14662159438177147
0.3177814777591696
0.4835895240832727
0.6639827767545656
0.6639827767545656
0.1893267302195279
0.1893267302195279
0.616010350839346
0.781818397163449
0.4835895240832727
0.3713181619080361
0.489045711010012
0.6068813314188954
0.4835895240832727
0.25348254149915267
0.6068813314188954
0.3177814777591696
0.4835895240832727
-0.14509231400869133
0.1893267302195279
0.2654079212467217
0.4835895240832727
0.4835895240832727
0.4835895240832727
0.7163563332670134
0.4835895240832727
0.6068813314188954
0.6068813314188954
0.4835895240832727
0.48755560329970427
0.4835895240832727
0.6068813314188954
0.14662159438177147
0.6068813314188954
0.3177814777591696
0.7057372061362553
0.6068813314188954
0.3177814777591696
0.4835895240832727
0.3177814777591696
0.6068813314188954
0.3177814777591696
-0.07156000845477956
0.4835895240832727
0.3177814777591696
0.5879015857273718
0.7057372061362553
0.31261853755515057
-0.021800506673068598
0.4835895240832727
-0.369788881534956
0.2654079212467217
0.781818397163449
0.6068813314188954
0.7057372061362553
0.4835895240832727
0.6068813314188954
0.4835895240832727
0.48755560329970427
0.6068813314188954
0.489045711010012
0.3713181619080361
-0.14509231400869133
0.4835895240832727
0.6639827767545656
-0.021800506673068598
0.09959987492261863
0.4835895240832727
0.4835895240832727
0.781818397163449
0.6068813314188954
0.4835895240832727
0.7163563332670134
0.3177814777591696
0.4835895240832727
0.4835895240832727
0.4835895240832727
0.489045711010012
0.3177814777591696
0.781818397163449
0.781818397163449
0.4835895240832727
0.4835895240832727
0.4835895240832727
0.4835895240832727
0.6639827767545656
0.48755560329970427
0.5879015857273718
-0.14509231400869133
0.15313655907148516
0.4835895240832727
0.4835895240832727
0.4835895240832727
0.4835895240832727
0.6068813314188954
-0.021800506673068598
0.1893267302195279
0.4835895240832727
0.25348254149915267
0.6068813314188954
0.7163563332670134
-0.14509231400869133
0.4835895240832727
0.3177814777591696
0.14662159438177147
0.31261853755515057
0.48755560329970427
-0.021800506673068598
0.4835895240832727
0.3697199828908208
0.4835895240832727
0.14662159438177147
0.6068813314188954
0.5879015857273718
0.3713181619080361
0.6639827767545656
0.1893267302195279
0.6068813314188954
0.48755560329970427
0.1893267302195279
0.48755560329970427
0.6639827767545656
0.4835895240832727
0.6068813314188954
0.489045711010012
0.4835895240832727
0.6068813314188954
0.4835895240832727
0.4835895240832727
0.4835895240832727
0.4835895240832727
0.4835895240832727
0.1893267302195279
0.6068813314188954
0.4835895240832727
0.6068813314188954
0.489045711010012
-0.14509231400869133
0.6068813314188954
0.6068813314188954
0.4835895240832727
0.3713181619080361
-0.07156000845477956
-0.14509231400869133
0.48755560329970427
0.14662159438177147
0.4835895240832727
0.4835895240832727
0.6639827767545656
0.3713181619080361
0.48755560329970427
0.14662159438177147
0.4835895240832727
0.48755560329970427
0.2654079212467217
0.6068813314188954
0.6068813314188954
0.1893267302195279
0.4835895240832727
0.616010350839346
0.4835895240832727
0.4835895240832727
0.2654079212467217
0.6068813314188954
0.4835895240832727
0.2654079212467217
0.3713181619080361
0.3177814777591696
0.3632739168452423
0.02885487261702313
0.14509231400869133
0.6068813314188954
0.6068813314188954
0.7629075501160606
0.538210982589796
0.369788881534956
0.14509231400869133
0.538210982589796
0.20830647591105145
0.587970484371507
0.369788881534956
0.369788881534956
0.20379193836157683
0.8250629342554466
0.14509231400869133
0.369788881534956
0.14509231400869133
0.20379193836157683
0.20379193836157683
0.14509231400869133
0.20379193836157683
0.20379193836157683
0.20379193836157683
0.30865245833871896
0.6068813314188954
0.20379193836157683
0.8250629342554466
0.30865245833871896
0.6068813314188954
0.538210982589796
0.14509231400869133
0.6068813314188954
0.587970484371507
0.14509231400869133
0.6068813314188954
0.6068813314188954
0.6068813314188954
0.587970484371507
0.3632739168452423
0.369788881534956
0.6068813314188954
0.6068813314188954
0.7629075501160606
0.538210982589796
0.3632739168452423
0.14509231400869133
0.6068813314188954
0.369788881534956
0.538210982589796
0.587970484371507
0.14509231400869133
0.369788881534956
0.6068813314188954
0.369788881534956
0.3632739168452423
0.538210982589796
0.8250629342554466
0.369788881534956
0.14509231400869133
0.20379193836157683
0.6068813314188954
0.369788881534956
0.538210982589796
0.36852965698386037
0.30865245833871896
0.8250629342554466
0.369788881534956
0.3632739168452423
0.538210982589796
0.20379193836157683
0.538210982589796
0.8250629342554466
0.09047085550216788
0.6068813314188954
0.587970484371507
0.538210982589796
0.8250629342554466
0.369788881534956
0.6068813314188954
0.6068813314188954
0.3632739168452423
0.369788881534956
0.6068813314188954
0.6068813314188954
0.3632739168452423
0.14509231400869133
0.6068813314188954
0.369788881534956
0.14509231400869133
0.538210982589796
0.14509231400869133
0.3632739168452423
0.538210982589796
0.3632739168452423
0.14509231400869133
0.14509231400869133
0.6068813314188954
0.14509231400869133
0.20379193836157683
0.8250629342554466
0.369788881534956
-0.1893267302195279
0.20379193836157683
0.42648807874760253
0.369788881534956
0.14509231400869133
0.20379193836157683
0.07533719082193518
0.20379193836157683
0.09047085550216788
0.6068813314188954
0.14509231400869133
0.02885487261702313
0.20379193836157683
0.538210982589796
0.09047085550216788
0.369788881534956
0.538210982589796
0.3632739168452423
0.369788881534956
0.14509231400869133
0.6068813314188954
0.6068813314188954
0.587970484371507
0.3632739168452423
0.369788881534956
0.6068813314188954
0.6068813314188954
0.369788881534956
0.369788881534956
0.538210982589796
0.14509231400869133
0.369788881534956
0.14509231400869133
0.3632739168452423
0.538210982589796
0.20830647591105145
0.587970484371507
0.14509231400869133
0.369788881534956
0.14509231400869133
0.3632739168452423
0.20379193836157683
0.655381608649511
0.369788881534956
0.369788881534956
0.14509231400869133
0.20379193836157683
0.20379193836157683
0.30865245833871896
0.6068813314188954
0.369788881534956
0.02885487261702313
0.8250629342554466
0.369788881534956
0.20379193836157683
0.538210982589796
0.8250629342554466
0.30865245833871896
0.6068813314188954
0.6068813314188954
0.3632739168452423
0.538210982589796
0.587970484371507
0.587970484371507
0.14509231400869133
0.369788881534956
0.6068813314188954
0.6068813314188954
0.3632739168452423
0.14509231400869133
0.369788881534956
0.6068813314188954
0.6068813314188954
0.538210982589796
0.14509231400869133
0.369788881534956
0.3632739168452423
0.42648807874760253
0.3632739168452423
0.14509231400869133
0.369788881534956
0.6068813314188954
0.3632739168452423
0.538210982589796
0.587970484371507
0.369788881534956
0.369788881534956
0.20379193836157683
0.20379193836157683
0.369788881534956
0.538210982589796
0.30865245833871896
0.14509231400869133
0.20379193836157683
0.20379193836157683
0.538210982589796
0.8250629342554466
0.09047085550216788
0.6068813314188954
0.3632739168452423
0.538210982589796
0.587970484371507
0.587970484371507
0.14509231400869133
0.6068813314188954
0.6068813314188954
0.3632739168452423
0.369788881534956
0.6068813314188954
0.6068813314188954
0.3632739168452423
0.14509231400869133
0.6068813314188954
0.369788881534956
-0.1893267302195279
0.14509231400869133
0.14509231400869133
0.14509231400869133
0.42648807874760253
0.3632739168452423
0.14509231400869133
0.02885487261702313
0.20379193836157683
0.8250629342554466
0.369788881534956
-0.1893267302195279
0.07533719082193518
0.20379193836157683
0.20830647591105145
0.369788881534956
0.14509231400869133
0.07533719082193518
0.30865245833871896
0.14509231400869133
0.3632739168452423
0.20379193836157683
0.8250629342554466
0.6068813314188954
0.538210982589796
0.538210982589796
0.587970484371507
0.14509231400869133
0.587970484371507
0.3632739168452423
0.369788881534956
0.6068813314188954
0.369788881534956
0.587970484371507
0.3632739168452423
0.369788881534956
0.6068813314188954
0.6068813314188954
0.7629075501160606
0.14509231400869133
0.369788881534956
0.14509231400869133
0.3632739168452423
0.20830647591105145
0.587970484371507
0.14509231400869133
0.369788881534956
0.369788881534956
0.20379193836157683
0.8250629342554466
0.369788881534956
0.20379193836157683
0.20379193836157683
0.30865245833871896
0.20379193836157683
0.20379193836157683
0.369788881534956
0.3632739168452423
0.20379193836157683
0.538210982589796
0.6068813314188954
0.6068813314188954
0.587970484371507
0.538210982589796
0.8250629342554466
0.369788881534956
0.6068813314188954
0.6068813314188954
0.369788881534956
0.6068813314188954
0.6068813314188954
0.6068813314188954
0.587970484371507
0.3632739168452423
0.369788881534956
0.6068813314188954
0.6068813314188954
0.369788881534956
0.7629075501160606
0.7629075501160606
0.3632739168452423
0.369788881534956
0.3632739168452423
0.538210982589796
0.20830647591105145
0.587970484371507
0.369788881534956
0.6068813314188954
0.8250629342554466
0.369788881534956
0.369788881534956
0.6068813314188954
0.6068813314188954
0.369788881534956
0.369788881534956
0.538210982589796
0.30865245833871896
0.6068813314188954
0.369788881534956
0.3632739168452423
0.538210982589796
0.538210982589796
0.09047085550216788
0.6068813314188954
0.587970484371507
0.538210982589796
0.587970484371507
0.8250629342554466
0.6068813314188954
0.8250629342554466
0.6068813314188954
0.587970484371507
0.369788881534956
0.6068813314188954
0.369788881534956
0.7629075501160606
0.7629075501160606
0.6068813314188954
0.369788881534956
0.3632739168452423
0.538210982589796
0.20830647591105145
0.587970484371507
0.14509231400869133
0.6068813314188954
0.369788881534956
0.538210982589796
0.369788881534956
0.369788881534956
0.6068813314188954
0.14509231400869133
0.30865245833871896
0.369788881534956
0.369788881534956
0.20379193836157683
0.538210982589796
0.30865245833871896
0.6068813314188954
0.369788881534956
0.3632739168452423
0.538210982589796
0.30865245833871896
0.6068813314188954
0.6068813314188954
0.587970484371507
0.538210982589796
0.587970484371507
0.8250629342554466
0.369788881534956
0.6068813314188954
0.6068813314188954
0.369788881534956
0.6068813314188954
0.6068813314188954
0.6068813314188954
0.3632739168452423
0.02885487261702313
0.14509231400869133
0.6068813314188954
0.6068813314188954
0.14509231400869133
0.538210982589796
0.02885487261702313
0.14509231400869133
0.14509231400869133
0.3632739168452423
0.538210982589796
0.20830647591105145
0.3632739168452423
0.14509231400869133
0.14509231400869133
0.3632739168452423
0.20379193836157683
0.14509231400869133
0.14509231400869133
0.20379193836157683
0.369788881534956
0.07533719082193518
0.20379193836157683
0.30865245833871896
0.6068813314188954
0.14509231400869133
0.20379193836157683
0.538210982589796
0.8250629342554466
0.30865245833871896
0.6068813314188954
0.587970484371507
0.14509231400869133
0.6068813314188954
0.6068813314188954
0.02885487261702313
0.14509231400869133
0.369788881534956