0.9702699774245545
0.9702699774245545
1.0
0.9726965174854312
0.8806220404417875
0.9261697078251666
0.8992632963925953
0.9702699774245545
0.9702699774245545
0.9699525058032518
0.9329058866568647
0.9726252804982917
0.9702699774245545
0.9319887366137594
0.9423005351552094
0.9707447625958961
0.9702699774245545
0.9726965174854312
0.9702699774245545
0.8897140739030251
0.948990343644809
1.0
0.9261697078251666
1.0
0.8112298728973476
0.9702699774245545
0.9195283216100615
0.8653213699810083
0.9702699774245545
1.0
1.0
0.8682272067988415
0.9355094200027884
0.9254051427894029
1.0
0.9574143462639496
0.9355094200027884
0.9602093691714335
0.9355094200027884
0.9702699774245545
0.9707447625958961
0.9531963410599034
0.9702699774245545
0.9702699774245545
0.9702699774245545
1.0
0.9702699774245545
0.9355094200027884
0.9355094200027884
0.9012432101902483
1.0
0.9406972683991479
0.9699525058032518
1.0
1.0
0.9710953604964897
0.9702699774245545
0.9563096537425768
0.9754745879190948
0.9423237064285415
0.9237431677642899
1.0
0.9702699774245545
1.0
1.0
1.0
0.9126855249585175
0.8965005032858927
0.9702699774245545
0.9293107905893434
1.0
0.8616367227392985
1.0
0.8992632963925953
0.9355094200027884
1.0
0.8992632963925953
0.9019412424170111
0.9707447625958961
0.9123680533372149
1.0
0.9355094200027884
0.8308719057907471
0.9726965174854312
0.9707447625958961
1.0
1.0
1.0
0.9232076941778377
0.9355094200027884
0.8369257625301214
0.9726252804982917
0.898779684184994
1.0
1.0
0.9702699774245545
1.0
0.9112313426178322
0.8823412241274188
0.8666564588869361
0.9702699774245545
0.9355094200027884
0.9355094200027884
1.0
0.9574143462639496
1.0
0.9355094200027884
0.842697985602234
1.0
0.9178802884396711
0.9254051427894029
0.9602093691714335
0.9424155475339632
1.0
0.9707447625958961
0.9707447625958961
0.9707447625958961
0.9070245825167109
1.0
0.9237431677642899
0.8643377547307135
0.9261697078251666
0.9736655278178938
0.9699525058032518
0.9702699774245545
0.9726252804982917
0.8479754940585643
0.8592693674511878
0.9699525058032518
0.919599558597201
0.9726252804982917
0.9640549541062965
0.9707447625958961
0.9702699774245545
0.8624992288534106
0.9726965174854312
0.8886353797276549
0.9702699774245545
0.9726252804982917
0.9707447625958961
0.9710953604964897
0.9406972683991479
0.9707447625958961
0.9232076941778377
0.9355094200027884
1.0
0.9602093691714335
0.9702699774245545
1.0
0.9355094200027884
1.0
0.9736655278178938
0.9702699774245545
1.0
1.0
0.9726965174854312
0.9355094200027884
0.8964396852497211
0.978245581048913
0.9736655278178938
0.8384579480587976
0.978245581048913
0.8707290022592352
0.9413653379210442
0.978245581048913
0.9726965174854312
0.9423237064285415
0.8981037217609436
1.0
0.9736655278178938
0.9034619663558223
1.0
0.8803167998555628
0.8658304020336315
1.0
0.9261697078251666
0.9167696923331806
1.0
0.8274342414003663
0.9707447625958961
0.9355094200027884
0.8956751202139573
1.0
0.9355094200027884
1.0
1.0
1.0
1.0
0.930479346595988
0.9484585545232634
0.9355094200027884
0.9232076941778377
0.9355094200027884
0.9261697078251666
0.8915556632709518
0.9707447625958961
0.9126855249585175
0.9707447625958961
0.8624992288534106
0.8992632963925953
0.9707447625958961
0.9726965174854312
0.9702699774245545
1.0
0.930479346595988
0.9602093691714335
0.978245581048913
0.8806220404417875
0.9702699774245545
0.9702699774245545
0.9355094200027884
0.9355094200027884
0.9702699774245545
0.9699525058032518
0.9707447625958961
0.9640549541062965
0.9126855249585175
0.9702699774245545
1.0
0.9707447625958961
1.0
0.884828187539276
0.8666564588869361
0.9702699774245545
0.9640549541062965
0.9640549541062965
1.0
0.9702699774245545
1.0
0.9027334992096555
0.8965005032858927
0.956514333371158
1.0
0.9285097067604396
0.8707290022592352
0.9123680533372149
0.9726965174854312
0.8308719057907471
1.0
1.0
0.8898707576613707
0.9189273609218617
0.8806220404417875
1.0
1.0
0.9237431677642899
0.9702699774245545
0.9355094200027884
0.9707447625958961
1.0
1.0
0.9702699774245545
0.9602093691714335
0.9726965174854312
0.9702699774245545
0.8439885115076092
0.9355094200027884
0.9237431677642899
0.9261697078251666
0.9710953604964897
0.978245581048913
0.9726965174854312
0.9423005351552094
0.9355094200027884
0.9355094200027884
0.9019412424170111
0.9355094200027884
0.8974029420171422
0.9602093691714335
1.0
0.9726965174854312
0.9254072042755124
0.8575753668862643
0.8629791851422158
1.0
0.8992632963925953
1.0
0.9699525058032518
0.8274342414003663
1.0
1.0
0.9726965174854312
0.9243721346065233
0.9068787925581572
0.9707447625958961
0.9355094200027884
0.978245581048913
0.9258928585453347
0.9707447625958961
1.0
0.919599558597201
0.9355094200027884
0.9628129025173572
0.9707447625958961
0.9189273609218617
0.850055331836814
0.9707447625958961
0.9484585545232634
0.9237431677642899
0.9261697078251666
0.9112313426178322
0.9702699774245545
1.0
0.9726965174854312
0.9726965174854312
0.8965005032858927
0.9164211178543267
1.0
1.0
0.9254051427894029
0.9355094200027884
0.9702699774245545
0.9726965174854312
1.0
0.9726965174854312
0.9640549541062965
0.8954968762151129
0.9702699774245545
0.9702699774245545
0.9702699774245545
1.0
0.8667876821404865
0.9254072042755124
0.9484585545232634
0.9702699774245545
0.9237431677642899
0.9563096537425768
0.9702699774245545
0.8690864324787114
0.9702699774245545
0.9261697078251666
0.9702699774245545
0.9237431677642899
1.0
0.9702699774245545
1.0
0.9602093691714335
1.0
0.9726252804982917
0.9355094200027884
0.9707447625958961
0.9355094200027884
0.9707447625958961
0.8592693674511878
0.8965005032858927
0.885052016918159
0.8992632963925953
0.9702699774245545
0.8798415898965595
0.9355094200027884
0.9640549541062965
0.9702699774245545
1.0
0.9640549541062965
0.9699525058032518
0.9702699774245545
1.0
0.884350104256251
0.9170919815424835
0.9329058866568647
0.9329058866568647
1.0
0.9726252804982917
0.9702699774245545
0.9726965174854312
1.0
0.914164743603456
0.9702699774245545
0.9707447625958961
1.0
0.8624992288534106
1.0
0.9736655278178938
0.9710953604964897
1.0
0.9707447625958961
0.9602093691714335
1.0
0.8964396852497211
0.9355094200027884
0.9707447625958961
0.9602093691714335
0.9707447625958961
0.9355094200027884
1.0
0.9355094200027884
1.0
0.9602093691714335
0.9702699774245545
0.8992632963925953
0.9254051427894029
0.9707447625958961
0.8964396852497211
1.0
0.8981037217609436
1.0
0.8992632963925953
0.9578550898608792
1.0
0.9702699774245545
0.8781796148714465
0.9019412424170111
0.8398175972762746
1.0
0.9031758640814191
0.8897140739030251
0.9146458162785901
1.0
0.9355094200027884
0.9710953604964897
0.9702699774245545
0.8897140739030251
0.9702699774245545
0.9628129025173572
0.8881396437020171
0.9424155475339632
0.9702699774245545
0.8781796148714465
0.8723039806189443
0.9707447625958961
0.8667876821404865
0.898779684184994
0.9702699774245545
0.9699525058032518
1.0
1.0
0.8992632963925953
1.0
0.9027334992096555
0.9702699774245545
0.8992632963925953
0.9413653379210442
0.9285097067604396
0.9699525058032518
0.8801028260335622
0.9123680533372149
0.9699525058032518
1.0
0.9726965174854312
1.0
0.8379738167725054
0.9254051427894029
0.9707447625958961
0.9699525058032518
0.9707447625958961
1.0
0.9726965174854312
0.8781796148714465
0.8992632963925953
0.9699525058032518
0.8865260188398775
0.8964396852497211
0.9254051427894029
0.9271204587956592
0.9707447625958961
1.0
0.9726252804982917
0.8815013200423867
0.8832602326502822
0.9355094200027884
1.0
0.9702699774245545
0.9707447625958961
1.0
0.9702699774245545
1.0
0.855110715998855
1.0
0.8592693674511878
0.9355094200027884
0.9702699774245545
0.8491030905064171
0.9329058866568647
0.898779684184994
0.9707447625958961
0.9355094200027884
0.9702699774245545
0.9027334992096555
0.9702699774245545
0.9699525058032518
1.0
0.9707447625958961
1.0
1.0
0.9707447625958961
0.9355094200027884
1.0
0.9702699774245545
0.9413653379210442
0.8871852013404353
0.9702699774245545
0.9237431677642899
0.9707447625958961
1.0
0.8981037217609436
0.8562083737308038
0.9702699774245545
1.0
0.9699525058032518
1.0
0.9574143462639496
0.9179984016082595
0.9702699774245545
1.0
0.9699525058032518
0.9254051427894029
0.9736655278178938
0.9702699774245545
0.9702699774245545
0.978245581048913
0.9027334992096555
0.9726965174854312
0.9707447625958961
1.0
0.9736655278178938
0.9726965174854312
1.0
0.9736655278178938
1.0
0.9710953604964897
0.8754408942954293
0.8279485576175742
0.9530881305971189
0.9683111378099172
0.9699525058032518
0.9742173505330286
0.8826931813093553
0.9683111378099172
0.9699525058032518
1.0
1.0
0.8857533993119729
0.9428952579228461
0.9428952579228461
0.9736655278178938
0.9368116090423604
0.8211112124499379
0.9683111378099172
0.9680407647930382
0.9361238421831242
0.9519342801401388
0.9128477637260979
0.9557609052921591
0.9519342801401388
0.9428371844693404
0.9117623690533508
0.9469030411117698
0.9206679923782364
1.0
0.9531963410599034
0.9013394882189263
0.8993891439670434
0.8820737139867626
0.9215074788698205
0.8296692572250508
0.9128477637260979
0.9127984657675003
0.9683111378099172
1.0
0.9364641356897111
0.878239713979631
0.9699525058032518
0.9683111378099172
0.9699525058032518
0.9742173505330286
0.8773394229295419
0.8449554568645665
0.9428952579228461
0.9683111378099172
0.9128477637260979
1.0
0.9364641356897111
0.9680407647930382
0.9683111378099172
0.9127984657675003
0.9683111378099172
1.0
0.9736655278178938
0.9368116090423604
0.9683111378099172
0.8907049611607567
0.9736655278178938
0.917897106743556
1.0
0.9348720656549742
0.8682423272587433
0.9531963410599034
0.9469030411117698
0.9006922743302196
0.907144353483141
0.9160092435772605
0.8822002417190582
0.9736655278178938
1.0
0.9531963410599034
0.9469030411117698
0.94630208042357
0.8993891439670434
1.0
0.9428371844693404
0.9215074788698205
0.9215074788698205
0.9275580159445067
0.9531963410599034
0.9127984657675003
1.0
0.8486784075893051
0.8678160355563438
1.0
0.9699525058032518
0.8882619053812142
0.9205793958363536
0.8276943006669659
0.9726252804982917
0.9628129025173572
0.8486784075893051
0.8842953510198599
0.8943420205266307
0.9127984657675003
0.8897901487100092
0.9519342801401388
1.0
0.9112063957327634
0.9046495799266412
0.9519342801401388
0.8992571278552938
0.8960915989827495
0.8730339839666608
0.845559304153182
0.8833527219482679
0.8693858476106973
0.9531963410599034
0.9469030411117698
0.9680407647930382
0.8974692110215863
0.9147471826574961
0.9091037108335428
0.8629791851422158
0.836071044387971
0.8863943658691208
0.9492892636222618
0.8208836167343116
0.8924128993995616
0.9683111378099172
0.9215074788698205
0.8296692572250508
0.8911972355140517
0.9699525058032518
0.9683111378099172
1.0
0.9353787700577514
0.9353787700577514
0.8563587091272493
0.9699525058032518
1.0
0.9699525058032518
1.0
1.0
0.9299110350262512
0.9622467851566825
0.9363519026029555
0.9428952579228461
0.9128477637260979
1.0
0.936478430335251
0.9368116090423604
0.9166570006963028
0.9683111378099172
0.9258958546539177
0.978268752322245
0.9519342801401388
0.9531963410599034
1.0
0.9699525058032518
0.9375552535971389
0.9469030411117698
1.0
0.8604689940413033
0.9736655278178938
1.0
0.9531963410599034
0.9469030411117698
0.9578550898608792
0.8738600963680767
0.9251717934340148
1.0
0.8833671768014809
0.8568162683362893
0.9128477637260979
0.9683111378099172
0.9683111378099172
0.8486784075893051
0.9282501339644719
0.9699525058032518
0.9683111378099172
0.9699525058032518
0.9041306695512729
0.8535259788463292
1.0
0.9726252804982917
1.0
0.8486784075893051
0.8842953510198599
0.9112063957327634
0.9683111378099172
0.9348720656549742
0.9736655278178938
0.9622467851566825
0.9112063957327634
0.9112063957327634
0.9103411927161531
0.8906830842354878
0.9699525058032518
0.8693858476106973
0.9531963410599034
0.9680407647930382
0.9103411927161531
0.9147471826574961
1.0
1.0
0.9095059948024803
0.8591945780798057
0.907144353483141
0.9251717934340148
1.0
0.9585660279934474
0.8556849481954382
0.9683111378099172
0.9215074788698205
0.8614672129386061
1.0
0.9683111378099172
0.9683111378099172
0.8486784075893051
0.9530881305971189
0.9683111378099172
0.9699525058032518
0.85853815018031
0.9220393068742881
0.9260308827167135
0.8981233367722836
1.0
0.8486784075893051
0.8943420205266307
0.9831356247938672
0.9736655278178938
1.0
0.9112063957327634
0.9077041756300928
0.9103411927161531
0.9519342801401388
1.0
0.9699525058032518
0.9699525058032518
0.8833527219482679
0.9531963410599034
1.0
1.0
0.9361238421831242
1.0
0.9469030411117698
0.8863943658691208
0.9524861028552736
0.9054690691052172
0.9379932705962899
0.8296692572250508
0.836754746023721
0.9128477637260979
0.9683111378099172
1.0
0.9364641356897111
0.8992204277819236
0.9699525058032518
0.9683111378099172
0.9699525058032518
0.9742173505330286
0.9128477637260979
1.0
0.9699525058032518
1.0
0.9544364471071565
0.9622467851566825
0.9680407647930382
0.9683111378099172
0.9128477637260979
0.8810272884112982
0.9368116090423604
0.8665072132771734
0.9508940328205366
0.9519342801401388
1.0
0.8788213249515288
0.9519342801401388
1.0
0.9281250672854336
0.9361238421831242
0.9628129025173572
0.876814076138021
0.9578550898608792
0.907144353483141
0.8993891439670434
1.0
1.0
1.0
0.9215074788698205
0.9531963410599034
0.9127984657675003
0.9683111378099172
1.0
0.9622467851566825
0.907144353483141
0.9699525058032518
0.9683111378099172
0.9699525058032518
1.0
0.9742173505330286
0.8717072232129729
0.8480974198402729
0.9699525058032518
1.0
1.0
0.9563096537425768
0.9622467851566825
0.9683111378099172
0.9127984657675003
0.9585660279934474
0.8418933885792206
0.9683111378099172
0.9683111378099172
0.9628129025173572
0.9699525058032518
0.8902256819304708
0.9428371844693404
0.9076327881670598
0.9013394882189263
1.0
0.9281250672854336
0.9160092435772605
0.869025237896658
0.9531963410599034
0.9013394882189263
0.94630208042357
0.9469030411117698
0.9469030411117698
1.0
0.9215074788698205
1.0
0.9127984657675003
0.9085488655802525
0.9699525058032518
0.9683111378099172
1.0
0.9742173505330286
0.9254051427894029
0.9683111378099172
0.9699525058032518
1.0
0.9736655278178938
1.0
0.9622467851566825
0.9363519026029555
0.9127984657675003
0.9683111378099172
0.9736655278178938
0.8418933885792206
0.9683111378099172
0.9683111378099172
0.9449831497769495
0.9531963410599034
0.9699525058032518
0.9683111378099172
0.9519342801401388
0.9428371844693404
0.9076327881670598
0.9469030411117698
0.9428371844693404
0.907144353483141
0.869025237896658
0.9076327881670598
0.876814076138021
0.9578550898608792
0.94630208042357
0.9211203916447984
1.0
1.0
0.90629784410574
0.9215074788698205
0.9215074788698205
0.8158038389082202
0.9127984657675003
0.9683111378099172
1.0
0.8754408942954293
0.8232395828296494
0.9530881305971189
0.9683111378099172
0.9699525058032518
0.9353787700577514
0.929913319018244
0.8355714070141538
0.9468948907871628
0.9699525058032518
1.0
0.9160092435772605
0.9544364471071565
0.9017753664775353
0.8897290205186552
0.8897901487100092
1.0
0.9519342801401388
0.8305563081434805
0.9428952579228461
0.9726252804982917
0.9544364471071565
0.9141810652968213
0.9428371844693404
0.9117623690533508
0.904758130972649
1.0
0.9147471826574961
0.8896747713951544
1.0
0.9531963410599034
0.9013394882189263
0.9054690691052172
0.8820737139867626
0.9683111378099172
0.9215074788698205
0.8249018771652136
0.8808885285191363
1.0