1.0
1.0
1.0
0.8715038542690514
0.759937428011068
0.8715038542690514
0.8623184699290514
1.0
1.0
1.0
0.8715038542690514
0.8711685974652348
1.0
1.0
0.8976189580820166
0.8623184699290514
1.0
0.8715038542690514
1.0
0.8715038542690514
0.759937428011068
1.0
0.8715038542690514
1.0
0.7763741814946501
1.0
0.8711685974652348
0.8715038542690514
1.0
1.0
1.0
0.7400326884522632
0.8715038542690514
1.0
1.0
1.0
0.8715038542690514
1.0
0.8715038542690514
1.0
0.8623184699290514
1.0
1.0
1.0
1.0
1.0
1.0
0.8715038542690514
0.8715038542690514
0.926599940772018
1.0
0.8623184699290514
1.0
1.0
1.0
0.8639684601419708
1.0
0.7943836982431136
1.0
1.0
1.0
1.0
1.0
1.0
1.0
1.0
1.0
0.8639684601419708
1.0
0.8623184699290514
1.0
0.7556658250470809
1.0
0.8623184699290514
0.8715038542690514
1.0
0.8623184699290514
1.0
0.8623184699290514
1.0
1.0
0.8715038542690514
0.7499238208778682
0.8715038542690514
0.8623184699290514
1.0
1.0
1.0
0.759937428011068
0.8715038542690514
0.7351370576072056
0.8711685974652348
0.8639684601419708
1.0
1.0
1.0
1.0
1.0
0.8711685974652348
0.7629896873405458
1.0
0.8715038542690514
0.8715038542690514
1.0
1.0
1.0
0.8715038542690514
0.8976189580820166
1.0
1.0
1.0
1.0
1.0
1.0
0.8623184699290514
0.8623184699290514
0.8623184699290514
0.926599940772018
1.0
1.0
0.7855679791244735
0.8715038542690514
0.8760642283102924
1.0
1.0
0.8711685974652348
0.7855679791244735
0.8242188988540347
1.0
0.8715038542690514
0.8711685974652348
1.0
0.8623184699290514
1.0
0.8787552234126335
0.8715038542690514
0.780015406730267
1.0
0.8711685974652348
0.8623184699290514
0.8639684601419708
0.8623184699290514
0.8623184699290514
0.759937428011068
0.8715038542690514
1.0
1.0
1.0
1.0
0.8715038542690514
1.0
0.8760642283102924
1.0
1.0
1.0
0.8715038542690514
0.8715038542690514
0.8715038542690514
0.8976189580820166
0.8760642283102924
0.8107619115500475
0.8976189580820166
0.7426724517342862
0.8639684601419708
0.8976189580820166
0.8715038542690514
1.0
0.8715038542690514
1.0
0.8760642283102924
0.8715038542690514
1.0
0.8787552234126335
0.8711685974652348
1.0
0.8715038542690514
0.926599940772018
1.0
0.7083808696320641
0.8623184699290514
0.8715038542690514
1.0
1.0
0.8715038542690514
1.0
1.0
1.0
1.0
1.0
0.926599940772018
0.8715038542690514
0.759937428011068
0.8715038542690514
0.8715038542690514
0.8760642283102924
0.8623184699290514
1.0
0.8623184699290514
0.8787552234126335
0.8623184699290514
0.8623184699290514
0.8715038542690514
1.0
1.0
1.0
1.0
0.8976189580820166
0.759937428011068
1.0
1.0
0.8715038542690514
0.8715038542690514
1.0
1.0
0.8623184699290514
1.0
1.0
1.0
1.0
0.8623184699290514
1.0
0.7943836982431136
0.7629896873405458
1.0
1.0
1.0
1.0
1.0
1.0
0.8623184699290514
0.8639684601419708
0.8976189580820166
1.0
0.8639684601419708
0.7426724517342862
1.0
0.8715038542690514
0.7499238208778682
1.0
1.0
0.8639684601419708
0.8711685974652348
0.759937428011068
1.0
1.0
1.0
1.0
0.8715038542690514
0.8623184699290514
1.0
1.0
1.0
1.0
0.8715038542690514
1.0
0.6570718333935249
0.8715038542690514
1.0
0.8715038542690514
0.8639684601419708
0.8976189580820166
0.8715038542690514
0.8976189580820166
0.8715038542690514
0.8715038542690514
1.0
0.8715038542690514
0.6570718333935249
1.0
1.0
0.8715038542690514
1.0
0.8107619115500475
0.7943836982431136
1.0
0.8623184699290514
1.0
1.0
0.7083808696320641
1.0
1.0
0.8715038542690514
1.0
0.9206325708454103
0.8623184699290514
0.8715038542690514
0.8976189580820166
0.8715038542690514
0.8623184699290514
1.0
0.8715038542690514
0.8715038542690514
1.0
0.8623184699290514
0.8711685974652348
0.8639684601419708
0.8623184699290514
0.926599940772018
1.0
0.8715038542690514
1.0
1.0
1.0
0.8715038542690514
0.8715038542690514
0.8639684601419708
1.0
1.0
1.0
1.0
0.8715038542690514
1.0
0.8715038542690514
1.0
0.8715038542690514
1.0
0.8976189580820166
1.0
1.0
1.0
1.0
1.0
1.0
0.926599940772018
1.0
1.0
0.7943836982431136
1.0
1.0
1.0
0.8715038542690514
1.0
1.0
1.0
1.0
1.0
1.0
1.0
0.8711685974652348
0.8715038542690514
0.8623184699290514
0.8715038542690514
0.8623184699290514
0.8242188988540347
0.8639684601419708
0.8242188988540347
0.8623184699290514
1.0
0.7855679791244735
0.8715038542690514
1.0
1.0
1.0
1.0
1.0
1.0
1.0
0.8976189580820166
0.926599940772018
0.8715038542690514
0.8715038542690514
1.0
0.8711685974652348
1.0
0.8715038542690514
1.0
0.7943836982431136
1.0
0.8623184699290514
1.0
0.8787552234126335
1.0
0.8760642283102924
0.8639684601419708
1.0
0.8623184699290514
1.0
1.0
0.8715038542690514
0.8715038542690514
0.8623184699290514
1.0
0.8623184699290514
0.8715038542690514
1.0
0.8715038542690514
1.0
1.0
1.0
0.8623184699290514
1.0
0.8623184699290514
0.8715038542690514
1.0
0.8715038542690514
1.0
0.8623184699290514
1.0
1.0
1.0
0.7855679791244735
1.0
0.7921364251144617
1.0
0.8715038542690514
0.8715038542690514
0.7855679791244735
1.0
0.8715038542690514
0.8639684601419708
1.0
0.8715038542690514
1.0
1.0
0.8715038542690514
1.0
1.0
0.7855679791244735
0.8180857738435124
0.8623184699290514
1.0
0.8639684601419708
1.0
1.0
1.0
1.0
0.8623184699290514
1.0
0.8623184699290514
1.0
0.8623184699290514
0.8639684601419708
0.8639684601419708
1.0
0.8639684601419708
1.0
1.0
1.0
0.8715038542690514
1.0
0.8787552234126335
1.0
0.8623184699290514
1.0
0.8623184699290514
1.0
0.8715038542690514
0.7855679791244735
0.8623184699290514
1.0
1.0
0.8715038542690514
1.0
0.8787552234126335
0.8623184699290514
1.0
0.8711685974652348
1.0
1.0
0.8715038542690514
1.0
1.0
0.8623184699290514
1.0
1.0
1.0
0.7846010309873811
1.0
0.8242188988540347
0.8715038542690514
1.0
0.7763741814946501
0.8715038542690514
0.8639684601419708
0.8623184699290514
0.8715038542690514
1.0
0.8623184699290514
1.0
1.0
1.0
0.8623184699290514
1.0
1.0
0.8623184699290514
0.8715038542690514
1.0
1.0
0.8639684601419708
0.8787552234126335
1.0
1.0
0.8623184699290514
1.0
0.8715038542690514
0.7921364251144617
1.0
1.0
1.0
1.0
1.0
0.8639684601419708
1.0
1.0
1.0
1.0
0.8760642283102924
1.0
1.0
0.8976189580820166
0.8623184699290514
0.8715038542690514
0.8623184699290514
1.0
0.8760642283102924
0.8715038542690514
1.0
0.8760642283102924
1.0
0.8639684601419708
0.7773244116279261
0.6951426030829866
0.9206325708454103
1.0
1.0
1.0
0.9012601833176337
1.0
1.0
1.0
1.0
0.9012601833176337
0.8711685974652348
0.8711685974652348
0.8760642283102924
0.8976189580820166
0.8711685974652348
1.0
1.0
1.0
0.8760642283102924
0.8711685974652348
0.791801168310645
0.8760642283102924
1.0
1.0
1.0
1.0
1.0
1.0
0.7855679791244735
1.0
1.0
1.0
1.0
0.8711685974652348
1.0
1.0
1.0
1.0
0.7652286434596045
1.0
1.0
1.0
1.0
0.8760642283102924
0.7652286434596045
0.8711685974652348
1.0
0.8711685974652348
1.0
1.0
1.0
1.0
1.0
1.0
1.0
0.8760642283102924
0.8976189580820166
1.0
0.8914858330714944
0.8760642283102924
0.7855679791244735
1.0
0.8711685974652348
1.0
1.0
1.0
1.0
0.9012601833176337
1.0
0.8760642283102924
0.8760642283102924
1.0
1.0
1.0
1.0
1.0
1.0
1.0
1.0
1.0
0.9012601833176337
1.0
1.0
1.0
0.9012601833176337
1.0
1.0
1.0
1.0
0.7475680825793438
0.7626544305367291
0.8711685974652348
1.0
0.9012601833176337
1.0
0.791801168310645
1.0
0.7626544305367291
0.8760642283102924
1.0
0.8711685974652348
0.9206325708454103
0.8760642283102924
0.8976189580820166
0.8711685974652348
0.7626544305367291
0.791801168310645
1.0
0.8760642283102924
1.0
1.0
1.0
0.6951426030829866
0.8760642283102924
0.7472328257755272
0.7943836982431136
1.0
0.8639684601419708
0.9012601833176337
0.6639146138543628
1.0
1.0
1.0
1.0
0.8639684601419708
1.0
1.0
1.0
1.0
1.0
0.7773244116279261
1.0
1.0
1.0
1.0
1.0
0.7855679791244735
1.0
1.0
0.8711685974652348
0.8711685974652348
1.0
0.8760642283102924
0.8976189580820166
1.0
1.0
1.0
1.0
0.8760642283102924
1.0
1.0
1.0
0.9206325708454103
1.0
1.0
0.8760642283102924
0.8760642283102924
1.0
1.0
1.0
1.0
0.9012601833176337
1.0
1.0
1.0
0.8711685974652348
0.8711685974652348
1.0
1.0
0.9012601833176337
1.0
1.0
1.0
1.0
0.7724287807828685
0.8121184039169047
1.0
0.8711685974652348
1.0
0.9012601833176337
1.0
0.8711685974652348
1.0
0.8711685974652348
0.8760642283102924
1.0
0.8711685974652348
0.8711685974652348
1.0
0.8760642283102924
1.0
0.8760642283102924
1.0
1.0
1.0
0.8760642283102924
1.0
1.0
0.7943836982431136
0.7855679791244735
0.9012601833176337
1.0
1.0
1.0
0.8711685974652348
1.0
1.0
0.8639684601419708
1.0
1.0
1.0
0.9012601833176337
0.9206325708454103
1.0
1.0
0.9206325708454103
0.7745100322375764
0.791801168310645
0.8841619707780295
1.0
0.9012601833176337
0.791801168310645
0.9206325708454103
0.8760642283102924
1.0
0.8711685974652348
0.7846010309873811
1.0
0.8760642283102924
1.0
1.0
1.0
1.0
1.0
1.0
1.0
1.0
1.0
1.0
0.8639684601419708
1.0
1.0
1.0
1.0
0.8787552234126335
0.8711685974652348
1.0
1.0
1.0
0.8639684601419708
1.0
1.0
1.0
1.0
0.8711685974652348
1.0
1.0
1.0
0.7855679791244735
1.0
1.0
1.0
0.8711685974652348
0.8760642283102924
0.8976189580820166
1.0
0.8711685974652348
0.8760642283102924
1.0
0.821892754163044
0.8760642283102924
1.0
1.0
1.0
1.0
0.7855679791244735
1.0
0.9012601833176337
1.0
1.0
1.0
1.0
1.0
1.0
1.0
1.0
1.0
1.0
0.9012601833176337
1.0
1.0
1.0
1.0
1.0
1.0
0.780015406730267
1.0
1.0
1.0
0.7943836982431136
1.0
1.0
1.0
1.0
0.8841619707780295
1.0
1.0
1.0
1.0
0.7724287807828685
1.0
0.7855679791244735
0.7855679791244735
1.0
1.0
1.0
0.8760642283102924
1.0
0.7855679791244735
1.0
1.0
1.0
1.0
1.0
1.0
1.0
1.0
1.0
1.0
1.0
1.0
1.0
1.0
1.0
1.0
0.8760642283102924
1.0
1.0
1.0
1.0
1.0
0.8760642283102924
0.8841619707780295
1.0
1.0
0.8914858330714944
1.0
1.0
1.0
0.8760642283102924
1.0
0.7855679791244735
1.0
1.0
0.9012601833176337
0.8760642283102924
0.7855679791244735
0.7855679791244735
1.0
1.0
1.0
1.0
1.0
1.0
1.0
1.0
0.7943836982431136
1.0
1.0
1.0
0.7773244116279261
0.7829510407744616
0.9206325708454103
1.0
1.0
1.0
0.7724287807828685
0.6951426030829866
0.8914858330714944
1.0
1.0
1.0
0.7855679791244735
0.9012601833176337
0.8841619707780295
0.7626544305367291
1.0
0.8760642283102924
0.7626544305367291
0.8711685974652348
0.8711685974652348
0.7855679791244735
0.8760642283102924
1.0
1.0
1.0
1.0
0.8760642283102924
0.8760642283102924
1.0
1.0
0.7855679791244735
1.0
1.0
1.0
1.0
0.6858612143050148
0.8711685974652348
1.0