0.5997695129646163
0.5250475739002531
0.39324870890481545
0.5033080719741845
0.140312350021303
0.5997695129646163
0.19269390485089277
0.3468331540811037
0.3468331540811037
0.39324870890481545
0.4496709097845958
0.39876380596655575
0.5997695129646163
0.39324870890481545
0.22298248260739395
0.20811590095193655
0.5250475739002531
0.5997695129646163
0.449214861949044
0.5033080719741845
0.140312350021303
0.48354174572908315
0.5033080719741845
0.39324870890481545
-0.05540599443546784
0.5250475739002531
0.2964090990535045
0.010289749318729058
0.5584661262825732
0.5584661262825732
0.37356413457785514
0.14349190538615597
0.15111480962433288
0.2534965174922732
0.5355749956358707
0.5584661262825732
0.06633686986180537
0.5083982756227344
0.06633686986180537
0.45608441841463293
0.39324870890481545
0.2458736132540963
0.5584661262825732
0.5584661262825732
0.45608441841463293
0.37356413457785514
0.32212475462618034
0.16871857772974558
0.5033080719741845
0.11313563000816662
0.4759188414909064
0.39324870890481545
0.39324870890481545
0.37356413457785514
0.39324870890481545
0.2765251743743241
0.5250475739002531
0.23750194426604865
0.30646509975166875
0.22298248260739395
0.5997695129646163
0.37356413457785514
0.5997695129646163
0.5584661262825732
0.43322028872281954
0.4759188414909064
0.2721112150167405
0.37356413457785514
0.5997695129646163
0.3704522768344903
0.4759188414909064
-0.07238038326736168
0.37356413457785514
0.19269390485089277
0.5033080719741845
0.2672604093736633
0.30264872590385666
0.39324870890481545
0.39324870890481545
0.37356413457785514
0.4759188414909064
0.5027305527610851
-0.03750675792750985
0.5997695129646163
0.39324870890481545
0.30552976739906074
0.5584661262825732
0.4759188414909064
0.140312350021303
0.5033080719741845
0.2964090990535045
0.2964090990535045
0.6274292817681933
0.39324870890481545
0.37356413457785514
0.5997695129646163
0.5083982756227344
0.5355749956358707
0.2964090990535045
0.5033080719741845
0.5997695129646163
0.5033080719741845
0.15111480962433288
0.29816046950730873
0.2458736132540963
0.39324870890481545
0.5997695129646163
0.140312350021303
0.37356413457785514
0.21549033692121788
0.37356413457785514
0.6274292817681933
0.37356413457785514
0.4496709097845958
0.39324870890481545
0.39324870890481545
0.29620974870128447
0.22298248260739395
0.2458736132540963
0.5997695129646163
0.30646509975166875
0.5997695129646163
0.2458736132540963
0.39324870890481545
0.449214861949044
0.2672604093736633
0.10981142294228974
0.12062777569434263
0.39324870890481545
0.010289749318729058
0.39876380596655575
0.29816046950730873
0.39324870890481545
0.5584661262825732
0.012397556495165607
0.5997695129646163
0.012397556495165607
0.6274292817681933
0.2672604093736633
0.39324870890481545
0.38070775429897563
0.39324870890481545
0.39324870890481545
0.140312350021303
0.5033080719741845
0.37356413457785514
0.5083982756227344
0.45608441841463293
0.2672604093736633
0.06633686986180537
0.5021834442084396
0.2458736132540963
0.45608441841463293
0.4496709097845958
0.21549033692121788
0.5033080719741845
0.5033080719741845
0.5250475739002531
0.22298248260739395
0.2458736132540963
0.12062777569434263
0.22298248260739395
0.06633686986180537
0.5584661262825732
0.22298248260739395
0.5033080719741845
0.22298248260739395
0.03721518113685324
0.39324870890481545
0.2458736132540963
0.010289749318729058
0.29620974870128447
0.20811590095193655
0.39876380596655575
0.37356413457785514
0.5997695129646163
0.12062777569434263
0.22298248260739395
0.12062777569434263
0.39324870890481545
0.449214861949044
0.449214861949044
0.2458736132540963
0.5033080719741845
0.5083982756227344
0.37356413457785514
0.4759188414909064
0.37356413457785514
0.4496709097845958
0.12062777569434263
0.5033080719741845
0.140312350021303
0.5033080719741845
0.5997695129646163
0.2458736132540963
0.20811590095193655
0.2721112150167405
0.39324870890481545
0.20811590095193655
0.19269390485089277
0.20811590095193655
0.449214861949044
0.45608441841463293
0.29816046950730873
0.38070775429897563
0.37449292288468083
0.22298248260739395
0.140312350021303
0.449214861949044
0.449214861949044
0.15111480962433288
0.5033080719741845
0.5250475739002531
0.39324870890481545
0.39324870890481545
0.22298248260739395
0.27832604643103537
0.3468331540811037
0.6861566476063322
0.20811590095193655
0.4759188414909064
-0.07820242650579295
0.5033080719741845
0.5584661262825732
0.22298248260739395
0.29816046950730873
0.37356413457785514
0.45608441841463293
0.37356413457785514
0.39324870890481545
0.37356413457785514
0.22298248260739395
0.5355749956358707
0.38070775429897563
0.16871857772974558
0.37356413457785514
0.449214861949044
-0.03750675792750985
0.37356413457785514
0.37356413457785514
0.05843610026069179
0.39876380596655575
0.140312350021303
0.5355749956358707
0.40881980666472
0.5997695129646163
0.5997695129646163
0.5997695129646163
0.39324870890481545
0.37356413457785514
0.37356413457785514
0.45608441841463293
0.6274292817681933
0.449214861949044
0.4220111409810186
0.010289749318729058
0.449214861949044
0.5250475739002531
0.5997695129646163
0.37356413457785514
0.22298248260739395
0.5033080719741845
0.22298248260739395
0.5033080719741845
0.449214861949044
0.39324870890481545
0.5033080719741845
0.15111480962433288
0.5083982756227344
0.43322028872281954
0.5997695129646163
0.16490570246061204
-0.007062745629416112
0.23750194426604865
0.6861566476063322
0.19269390485089277
0.5083982756227344
0.39324870890481545
0.12062777569434263
0.37356413457785514
0.37356413457785514
0.5997695129646163
0.39324870890481545
0.4220111409810186
0.39324870890481545
0.5033080719741845
0.22298248260739395
0.010289749318729058
0.19269390485089277
0.2672604093736633
0.010289749318729058
0.5033080719741845
0.38118703881603194
0.20811590095193655
0.39876380596655575
0.2908940019917643
0.39324870890481545
0.3023095395906815
0.5997695129646163
0.5027305527610851
0.43322028872281954
0.45608441841463293
0.4759188414909064
0.449214861949044
0.5997695129646163
0.37356413457785514
0.43322028872281954
0.39324870890481545
0.37356413457785514
0.37356413457785514
0.5997695129646163
0.449214861949044
0.5033080719741845
0.43322028872281954
0.5997695129646163
0.29816046950730873
0.22298248260739395
0.3468331540811037
0.5997695129646163
0.5250475739002531
0.2672604093736633
0.2908940019917643
0.16490570246061204
0.22298248260739395
0.5997695129646163
0.5250475739002531
0.3398566511790999
0.449214861949044
0.43322028872281954
0.6274292817681933
0.5997695129646163
0.5584661262825732
0.5997695129646163
0.5021834442084396
0.45608441841463293
0.5021834442084396
0.5083982756227344
0.39324870890481545
0.2672604093736633
0.5997695129646163
0.39324870890481545
0.15111480962433288
0.39324870890481545
0.12062777569434263
0.37356413457785514
0.22298248260739395
0.19269390485089277
0.5584661262825732
0.2534965174922732
0.5997695129646163
0.29816046950730873
0.45608441841463293
0.2672604093736633
0.29816046950730873
0.2908940019917643
0.5584661262825732
0.5584661262825732
0.22298248260739395
0.22298248260739395
0.4496709097845958
0.6274292817681933
0.37356413457785514
0.2964090990535045
0.45608441841463293
0.5997695129646163
0.4759188414909064
0.23750194426604865
0.5250475739002531
0.28329388785185144
0.4759188414909064
0.012397556495165607
0.140312350021303
0.2458736132540963
0.37356413457785514
0.37356413457785514
0.39324870890481545
0.5083982756227344
0.4759188414909064
0.5997695129646163
0.5033080719741845
0.39324870890481545
0.37449292288468083
0.39324870890481545
0.5033080719741845
0.16490570246061204
0.5997695129646163
0.29816046950730873
0.5021834442084396
0.5250475739002531
0.19269390485089277
0.37356413457785514
0.2056097657003258
0.5997695129646163
0.21549033692121788
0.03721518113685324
0.37356413457785514
0.27341331663095925
0.43322028872281954
0.5769053832728027
0.3468331540811037
0.15111480962433288
0.39324870890481545
-0.12121364727416328
0.2458736132540963
0.6274292817681933
0.5033080719741845
0.5021834442084396
0.4759188414909064
0.5997695129646163
0.37356413457785514
0.449214861949044
0.5033080719741845
0.45608441841463293
0.48354174572908315
0.010289749318729058
0.37356413457785514
0.5584661262825732
0.15111480962433288
0.06811524127049878
0.39324870890481545
0.2908940019917643
0.6274292817681933
0.5250475739002531
0.39324870890481545
0.5083982756227344
0.29816046950730873
0.30264872590385666
0.37356413457785514
0.39324870890481545
0.45608441841463293
0.19269390485089277
0.6274292817681933
0.6274292817681933
0.39324870890481545
0.2908940019917643
0.37356413457785514
0.39324870890481545
0.5584661262825732
0.449214861949044
0.43322028872281954
0.012397556495165607
0.2534965174922732
0.39324870890481545
0.39324870890481545
0.39324870890481545
0.37356413457785514
0.5997695129646163
0.15111480962433288
0.11751591795097782
0.39324870890481545
0.23750194426604865
0.5997695129646163
0.5083982756227344
0.012397556495165607
0.39324870890481545
0.29620974870128447
0.2672604093736633
0.3468331540811037
0.37449292288468083
0.15111480962433288
0.37356413457785514
0.30552976739906074
0.39324870890481545
0.2672604093736633
0.5250475739002531
0.43322028872281954
0.2216871599891413
0.5584661262825732
0.12062777569434263
0.5997695129646163
0.449214861949044
0.22298248260739395
0.37449292288468083
0.5584661262825732
0.39324870890481545
0.5033080719741845
0.45608441841463293
0.39324870890481545
0.5250475739002531
0.39324870890481545
0.37356413457785514
0.39324870890481545
0.37356413457785514
0.4759188414909064
0.20811590095193655
0.5997695129646163
0.4759188414909064
0.5997695129646163
0.45608441841463293
0.012397556495165607
0.5250475739002531
0.5997695129646163
0.39324870890481545
0.38118703881603194
0.03721518113685324
-0.05751380161190445
0.449214861949044
0.2672604093736633
0.39324870890481545
0.37356413457785514
0.5584661262825732
0.39876380596655575
0.449214861949044
0.16490570246061204
0.39324870890481545
0.449214861949044
0.2458736132540963
0.5997695129646163
0.5250475739002531
0.22298248260739395
0.39324870890481545
0.5303903215646624
0.30264872590385666
0.4759188414909064
0.2458736132540963
0.5997695129646163
0.4759188414909064
0.2458736132540963
0.38118703881603194
0.2765251743743241
0.2875590298487145
0.0897328782155069
0.16298036626832046
0.5033080719741845
0.5033080719741845
0.5214441343095471
0.38994073771665466
0.2944837628612129
0.23078391719895408
0.3051627979541272
0.1876037012023426
0.4190624264416068
0.2944837628612129
0.3622873137918465
0.20590589448778812
0.6278867355545784
0.24253864111104656
0.2944837628612129
0.1401839341979953
0.10944445349735632
0.20590589448778812
0.23078391719895408
0.10944445349735632
0.20590589448778812
0.20590589448778812
0.17160912797611827
0.5001962142308196
0.10944445349735632
0.6278867355545784
0.17160912797611827
0.5001962142308196
0.38994073771665466
0.1401839341979953
0.5033080719741845
0.4190624264416068
0.23078391719895408
0.5033080719741845
0.5033080719741845
0.4805116399038593
0.4190624264416068
0.28545122267227774
0.2944837628612129
0.5033080719741845
0.5033080719741845
0.5214441343095471
0.38994073771665466
0.2027810900861869
0.23078391719895408
0.5033080719741845
0.3622873137918465
0.38994073771665466
0.4190624264416068
0.1401839341979953
0.2944837628612129
0.5033080719741845
0.3622873137918465
0.3702291624348053
0.40162423894455906
0.6278867355545784
0.2944837628612129
0.24253864111104656
0.20590589448778812
0.3978415073177683
0.3622873137918465
0.3051627979541272
0.22299138970453475
0.17160912797611827
0.6278867355545784
0.37404203770393896
0.3702291624348053
0.3051627979541272
0.20590589448778812
0.38994073771665466
0.6278867355545784
0.04391860665235947
0.5001962142308196
0.4190624264416068
0.38994073771665466
0.6278867355545784
0.27168733079088775
0.5033080719741845
0.5033080719741845
0.2875590298487145
0.27168733079088775
0.5033080719741845
0.4805116399038593
0.2875590298487145
0.15776070134851905
0.5033080719741845
0.2944837628612129
0.15986850852495577
0.38994073771665466
0.15776070134851905
0.2027810900861869
0.3051627979541272
0.2875590298487145
0.1401839341979953
0.16298036626832046
0.5033080719741845
0.23078391719895408
0.20590589448778812
0.6278867355545784
0.2944837628612129
-0.037957643108251726
0.20590589448778812
0.31529422252610145
0.3622873137918465
0.23078391719895408
0.10944445349735632
0.05000849580780664
0.20590589448778812
0.1186405457167225
0.5001962142308196
0.24253864111104656
0.0897328782155069
0.20590589448778812
0.3051627979541272
0.1186405457167225
0.37404203770393896
0.3051627979541272
0.2875590298487145
0.29137190511784805
0.1401839341979953
0.5033080719741845
0.5033080719741845
0.4190624264416068
0.2027810900861869
0.2944837628612129
0.5033080719741845
0.5033080719741845
0.27168733079088775
0.37404203770393896
0.38994073771665466
0.23078391719895408
0.2944837628612129
0.23078391719895408
0.3702291624348053
0.3051627979541272
0.1876037012023426
0.4190624264416068
0.1401839341979953
0.2944837628612129
0.23078391719895408
0.28545122267227774
0.20590589448778812
0.44925388631455404
0.3622873137918465
0.2944837628612129
0.15776070134851905
0.10944445349735632
0.20590589448778812
0.24633106704048136
0.3978415073177683
0.3622873137918465
0.007062745629416112
0.6278867355545784
0.37404203770393896
0.10944445349735632
0.38994073771665466
0.6278867355545784
0.17160912797611827
0.5001962142308196
0.5001962142308196
0.2875590298487145
0.38994073771665466
0.4190624264416068
0.4190624264416068
0.1401839341979953
0.27168733079088775
0.5033080719741845
0.5033080719741845
0.2875590298487145
0.15776070134851905
0.2944837628612129
0.5033080719741845
0.5033080719741845
0.38994073771665466
0.15776070134851905
0.2944837628612129
0.2027810900861869
0.31529422252610145
0.2875590298487145
0.1401839341979953
0.2944837628612129
0.5033080719741845
0.2027810900861869
0.40162423894455906
0.4190624264416068
0.2944837628612129
0.2944837628612129
0.10944445349735632
0.20590589448778812
0.3622873137918465
0.40162423894455906
0.24633106704048136
0.24253864111104656
0.10944445349735632
0.20590589448778812
0.38994073771665466
0.6278867355545784
0.1186405457167225
0.5001962142308196
0.2875590298487145
0.38994073771665466
0.4190624264416068
0.4190624264416068
0.1401839341979953
0.5033080719741845
0.4127080889732257
0.2027810900861869
0.2944837628612129
0.5033080719741845
0.5033080719741845
0.2875590298487145
0.16298036626832046
0.5033080719741845
0.2944837628612129
-0.037957643108251726
0.23078391719895408
0.16298036626832046
0.14600597743642657
0.31529422252610145
0.2875590298487145
0.16298036626832046
0.007062745629416112
0.20590589448778812
0.6278867355545784
0.2944837628612129
-0.037957643108251726
0.034266466597441536
0.20590589448778812
0.1876037012023426
0.3622873137918465
0.23078391719895408
0.13072790758787334
0.24633106704048136
0.24253864111104656
0.28545122267227774
0.10944445349735632
0.6278867355545784
0.5001962142308196
0.3051627979541272
0.38994073771665466
0.4190624264416068
0.1401839341979953
0.4190624264416068
0.2027810900861869
0.2944837628612129
0.5033080719741845
0.27168733079088775
0.4190624264416068
0.28545122267227774
0.2944837628612129
0.5033080719741845
0.5033080719741845
0.5214441343095471
0.23078391719895408
0.2944837628612129
0.23078391719895408
0.3702291624348053
0.1876037012023426
0.4190624264416068
0.1401839341979953
0.2944837628612129
0.3622873137918465
0.20590589448778812
0.6278867355545784
0.27168733079088775
0.10944445349735632
0.20590589448778812
0.24633106704048136
0.10944445349735632
0.20590589448778812
0.37404203770393896
0.3702291624348053
0.10944445349735632
0.3051627979541272
0.5001962142308196
0.5828663468169105
0.5017325590276978
0.38994073771665466
0.6278867355545784
0.27168733079088775
0.5033080719741845
0.5033080719741845
0.27168733079088775
0.5033080719741845
0.5033080719741845
0.4805116399038593
0.4190624264416068
0.2875590298487145
0.2944837628612129
0.5033080719741845
0.5033080719741845
0.37404203770393896
0.5214441343095471
0.5214441343095471
0.2875590298487145
0.3622873137918465
0.3702291624348053
0.38994073771665466
0.1876037012023426
0.4190624264416068
0.2944837628612129
0.5033080719741845
0.5485596785712908
0.37404203770393896
0.3622873137918465
0.5033080719741845
0.3978415073177683
0.3622873137918465
0.3622873137918465
0.3222971819612715
0.17160912797611827
0.5001962142308196
0.37404203770393896
0.3702291624348053
0.3051627979541272
0.38994073771665466
0.04391860665235947
0.5001962142308196
0.4190624264416068
0.38994073771665466
0.4190624264416068
0.6278867355545784
0.5033080719741845
0.6278867355545784
0.5033080719741845
0.4190624264416068
0.2944837628612129
0.5033080719741845
0.37404203770393896
0.5214441343095471
0.5214441343095471
0.5033080719741845
0.3622873137918465
0.2875590298487145
0.38994073771665466
0.1876037012023426
0.4190624264416068
0.1401839341979953
0.5033080719741845
0.3622873137918465
0.40162423894455906
0.37404203770393896
0.2944837628612129
0.5033080719741845
0.1401839341979953
0.24633106704048136
0.3622873137918465
0.3622873137918465
0.20590589448778812
0.40162423894455906
0.17160912797611827
0.5001962142308196
0.37404203770393896
0.3702291624348053
0.38994073771665466
0.17160912797611827
0.5001962142308196
0.5001962142308196
0.4190624264416068
0.38994073771665466
0.4190624264416068
0.6278867355545784
0.27168733079088775
0.5033080719741845
0.5033080719741845
0.27168733079088775
0.5033080719741845
0.5033080719741845
0.4805116399038593
0.2875590298487145
0.0897328782155069
0.16298036626832046
0.5033080719741845
0.5033080719741845
0.24253864111104656
0.38994073771665466
0.0897328782155069
0.23078391719895408
0.23078391719895408
0.28545122267227774
0.3051627979541272
0.1876037012023426
0.2875590298487145
0.05540599443546784
0.23078391719895408
0.28545122267227774
0.20590589448778812
0.24253864111104656
0.23078391719895408
0.10944445349735632
0.27168733079088775
0.13072790758787334
0.20590589448778812
0.17160912797611827
0.5001962142308196
0.24253864111104656
0.20590589448778812
0.3051627979541272
0.6278867355545784
0.17160912797611827
0.5001962142308196
0.4190624264416068
0.1401839341979953
0.5033080719741845
0.5033080719741845
0.007062745629416112
0.1401839341979953
0.27168733079088775