0.416315232970336
0.4022821037265377
0.1785074007650277
0.3098114294870209
0.09996865788939047
0.43646080666584247
0.1780106757615607
0.25470058711599247
0.22797643256979716
0.1874283194813735
0.3414923393795213
0.357442114649377
0.4026120454351183
0.2271440050962505
0.16702765730384966
0.2095791100250437
0.4022821037265377
0.43646080666584247
0.2792091249452658
0.33180950791520747
0.13265390395704835
0.39545780490610594
0.33180950791520747
0.2271440050962505
0.10631875915719213
0.33481289775826845
0.2935014419724519
0.10868160774483498
0.38809229944208234
0.3788955144342155
0.2510978630953807
0.10893580816833265
0.14721683202200342
0.237274373718231
0.3253657922179661
0.3247538515002041
0.10724641486531966
0.3195284318295012
0.10724641486531966
0.302541160273206
0.25949149760673496
0.13922891870073595
0.3788955144342155
0.3788955144342155
0.302541160273206
0.2510978630953807
0.1646270833003186
0.19730395656154714
0.33180950791520747
0.08928957341279292
0.28096768795451477
0.198075452199385
0.198075452199385
0.2510978630953807
0.2271440050962505
0.11212829793319673
0.4022821037265377
0.24705471646195665
0.2793264539470191
0.18770160422698112
0.4026120454351183
0.2510978630953807
0.416315232970336
0.31410671878219254
0.26591533666057227
0.2703205552365032
0.17319825190392463
0.2878848166750277
0.416315232970336
0.2908402078630417
0.28096768795451477
0.09222253408332454
0.1946247659358607
0.14147385167904136
0.33180950791520747
0.30628629225365256
0.24247639753226746
0.1874283194813735
0.2910878207215698
0.2510978630953807
0.2703205552365032
0.3041244206083133
0.07830244132505854
0.43646080666584247
0.26459276167362106
0.19109579468578153
0.31410671878219254
0.30659696397322594
0.13265390395704835
0.33180950791520747
0.26809425254080765
0.3232271209443193
0.3478288039773998
0.22487707605874407
0.2510978630953807
0.416315232970336
0.24699319887975602
0.30303422805309843
0.2804484774972337
0.3098114294870209
0.416315232970336
0.33180950791520747
0.14721683202200342
0.2281449297905312
0.1498760514187475
0.2271440050962505
0.43646080666584247
0.08186931185499247
0.2510978630953807
0.19871329665601295
0.23639403874749793
0.4215190021077068
0.1500253914922548
0.3414923393795213
0.26711928671314517
0.21478380950175036
0.16879319969861112
0.15854582743702472
0.13922891870073595
0.4026120454351183
0.26674256348598113
0.414462728237656
0.12604451504041597
0.198075452199385
0.2948657564333705
0.29646875367220216
0.10518977173832517
0.1058231698541226
0.1874283194813735
0.09803447502682333
0.334722212541761
0.16974822799478256
0.26459276167362106
0.3531971179115403
0.11311814271709142
0.43646080666584247
0.1399197665764505
0.4111672519192778
0.3724608480238016
0.26459276167362106
0.2043180902945435
0.198075452199385
0.29893413539125163
0.13265390395704835
0.33180950791520747
0.2072917867000031
0.2867516475518472
0.302541160273206
0.30628629225365256
0.10724641486531966
0.2708389791020036
0.1156927648519872
0.302541160273206
0.2636713832228232
0.23007733536289365
0.29796074668448325
0.33180950791520747
0.3885789161913199
0.16702765730384966
0.1283597856161296
0.08607166272595401
0.2880117332925321
0.10374006799623536
0.3247538515002041
0.25182254844890045
0.33180950791520747
0.2532189379694959
0.11538209313241388
0.2251374914045407
0.12604451504041597
0.11159098165593012
0.28785835995482834
0.17961883587201155
0.34900054285029697
0.2510978630953807
0.414462728237656
0.2026615832377806
0.21402615263264224
0.08154140251441921
0.2544994951166274
0.29160144297281737
0.27340931323019774
0.13922891870073595
0.33180950791520747
0.23634606616174453
0.2510978630953807
0.28096768795451477
0.1946247659358607
0.2636713832228232
0.17852876497044567
0.33180950791520747
0.13265390395704835
0.33180950791520747
0.43646080666584247
0.12604451504041597
0.2095791100250437
0.1923602888362032
0.30112958575614035
0.14393958057347894
0.20668278710846516
0.2512171981744491
0.3009399019836308
0.27727233762466846
0.30213051045042105
0.23139964573776073
0.31702181203320345
0.25182254844890045
0.09996865788939047
0.3310549412770022
0.31305788617598973
0.14721683202200342
0.33180950791520747
0.4022821037265377
0.198075452199385
0.24944973257216446
0.19534513645177065
0.17480277099924119
0.2382688816948509
0.5012476482023909
0.2512171981744491
0.2703205552365032
0.08693275958926766
0.3098114294870209
0.38809229944208234
0.17233780813925909
0.198816780891648
0.2510978630953807
0.3120061905706423
0.2510978630953807
0.2564721539951338
0.2755868240843516
0.1778369677890108
0.33545905877495963
0.18760973299217815
0.19044617234567385
0.23804489862016243
0.29160144297281737
0.07830244132505854
0.2510978630953807
0.2617449958133922
0.167986833104946
0.37099862127848354
0.09996865788939047
0.2889942082690462
0.3660183520564108
0.4026120454351183
0.416315232970336
0.43646080666584247
0.23779113781426198
0.2510978630953807
0.2510978630953807
0.2848653340640499
0.4786364578875473
0.29160144297281737
0.2688193642738815
0.17202005568671336
0.29160144297281737
0.3885789161913199
0.4026120454351183
0.2052718986538722
0.29812622217816537
0.33180950791520747
0.16702765730384966
0.33180950791520747
0.29160144297281737
0.1874283194813735
0.33180950791520747
0.14795673104634793
0.3195284318295012
0.26977151612792377
0.43646080666584247
0.19431409421628765
0.07948744709691563
0.2096129958868882
0.43424751624830193
0.20668278710846516
0.25025460229399094
0.198075452199385
0.08154140251441921
0.23804489862016243
0.2510978630953807
0.43646080666584247
0.2771653308387075
0.2669668595412011
0.2271440050962505
0.33180950791520747
0.25182254844890045
0.12223811437394166
0.20668278710846516
0.30628629225365256
0.12223811437394166
0.33180950791520747
0.3608287891590868
0.2095791100250437
0.357442114649377
0.21926039820365567
0.29893413539125163
0.20587945996938067
0.4026120454351183
0.3041244206083133
0.2950403387764612
0.27566854905618304
0.2703205552365032
0.29160144297281737
0.43646080666584247
0.2613590521023164
0.23287442172186706
0.2361450774927259
0.20014116883376776
0.27441201657753467
0.43646080666584247
0.27340931323019774
0.33180950791520747
0.23287442172186706
0.43646080666584247
0.16974822799478256
0.17969467806799205
0.19705495906918813
0.416315232970336
0.33481289775826845
0.29646875367220216
0.13607063799473862
0.19431409421628765
0.1856950905352715
0.416315232970336
0.3211097102230506
0.2754741936109459
0.2852599960327354
0.2930083209198428
0.4111672519192778
0.43646080666584247
0.38809229944208234
0.414462728237656
0.3487685194646962
0.31173794528107285
0.4162377254329654
0.2867516475518472
0.2564721539951338
0.3327451624089248
0.43646080666584247
0.2838276440155107
0.16921491045019016
0.2564721539951338
0.1058231698541226
0.2755868240843516
0.15742266739351185
0.1780106757615607
0.38809229944208234
0.2045536057848676
0.43646080666584247
0.20946391360965955
0.302541160273206
0.30628629225365256
0.21052484271615335
0.13664096972790807
0.38809229944208234
0.3892472646226444
0.20103795634684463
0.15023829419125423
0.2636713832228232
0.4111672519192778
0.2510978630953807
0.2765920567056376
0.302541160273206
0.43646080666584247
0.30659696397322594
0.25625150146982345
0.4022821037265377
0.22369788718293254
0.42029823024799273
0.12936296927558688
0.20093447211120952
0.1156927648519872
0.2566956460932546
0.1946247659358607
0.25949149760673496
0.36680474398115426
0.2703205552365032
0.414462728237656
0.33180950791520747
0.30112958575614035
0.32737356222163255
0.22295467352421572
0.33180950791520747
0.2507871913758075
0.43646080666584247
0.2281449297905312
0.3959538131170772
0.3885789161913199
0.1780106757615607
0.24275664974454209
0.13946816037362159
0.4026120454351183
0.23007733536289365
0.14184096328768614
0.2617449958133922
0.19317015840048624
0.26765736385394845
0.4099869423608756
0.2744580665384825
0.13536614921946594
0.1874283194813735
0.12086423329098894
0.1548855501888407
0.4111672519192778
0.33180950791520747
0.2922954223051762
0.28096768795451477
0.43646080666584247
0.2052718986538722
0.2792091249452658
0.33180950791520747
0.302541160273206
0.39190216410274686
0.11630273278030978
0.23804489862016243
0.3724356679539776
0.13536614921946594
0.09172701234070463
0.2544994951166274
0.13607063799473862
0.33217217248929504
0.33481289775826845
0.1874283194813735
0.24699319887975602
0.30213051045042105
0.24247639753226746
0.27723768395701615
0.2564721539951338
0.23920271233132762
0.20668278710846516
0.3478288039773998
0.3478288039773998
0.198075452199385
0.123137771442963
0.1946247659358607
0.198075452199385
0.3892472646226444
0.32871451766409476
0.2950403387764612
0.09224805758626553
0.24762612390665983
0.26711928671314517
0.198075452199385
0.26711928671314517
0.2617449958133922
0.43646080666584247
0.13536614921946594
0.12770271376004017
0.1874283194813735
0.25625150146982345
0.4026120454351183
0.2904133315640578
0.14286201642199226
0.26459276167362106
0.13225637561609183
0.3724608480238016
0.2744580665384825
0.18067817515364487
0.14721683202200342
0.2617449958133922
0.16883202554093435
0.2544994951166274
0.30628629225365256
0.35457037718075834
0.2950403387764612
0.16948994305768345
0.3892472646226444
0.1058231698541226
0.43646080666584247
0.3153983097888974
0.09798382279008927
0.31702181203320345
0.3247538515002041
0.26711928671314517
0.33180950791520747
0.28576181561317676
0.2271440050962505
0.3180335530982391
0.1874283194813735
0.2510978630953807
0.25949149760673496
0.22666693340647887
0.3510244007124824
0.2512171981744491
0.43646080666584247
0.3201604732913684
0.4026120454351183
0.2589601917538177
0.13901487008390134
0.4022821037265377
0.4026120454351183
0.2614139001412633
0.3608287891590868
0.11538209313241388
0.12104454237136492
0.2948657564333705
0.27000988351693006
0.198075452199385
0.2617449958133922
0.3247538515002041
0.35435939445206144
0.30671643923590797
0.23773422690058932
0.198075452199385
0.30725807446092207
0.12604451504041597
0.416315232970336
0.35457037718075834
0.24048059413136114
0.2564721539951338
0.34630007183001793
0.2185805873749056
0.37564079848698617
0.1156927648519872
0.43646080666584247
0.29363470871865716
0.12604451504041597
0.3608287891590868
0.11212829793319673
0.14676593347330597
0.12322906214172391
0.17120930011727642
0.29254592538597013
0.36653150604585993
0.2713533937235168
0.16642206955093336
0.14837954185311075
0.15151433434465938
0.188495177530829
0.1847158487350682
0.19499903956250708
0.158457495780358
0.18817504062965074
0.19632678636376538
0.3039342355416071
0.14008120765929627
0.14837954185311075
0.16945739920081732
0.13110992998662108
0.1636415402961076
0.15151433434465938
0.1607460539341543
0.12745235545247607
0.16260071112710223
0.15907056212967846
0.28669229216676506
0.11963947008549869
0.32643150791378517
0.14871881194124958
0.3005168846441184
0.20728531859460098
0.11747783115961069
0.29756149345610416
0.18226512438092568
0.14139984545902612
0.29254592538597013
0.29254592538597013
0.30725980273041187
0.1979217558690305
0.17062597830745285
0.21171798979498935
0.29254592538597013
0.35588437332784845
0.2851452431146466
0.1877061767237208
0.10465752109041526
0.15338482183220498
0.29254592538597013
0.17621128658511165
0.22640850108135263
0.208790888953637
0.1619049806345469
0.14837954185311075
0.29254592538597013
0.14154494999013778
0.2528235403165917
0.23308360581378473
0.3039342355416071
0.14837954185311075
0.17803295862392837
0.18509798349928025
0.2112569182119191
0.18817504062965074
0.19750287338417355
0.1670998815567451
0.15907056212967846
0.3552725430622098
0.23768926106228683
0.2703124049875087
0.16762509240000323
0.18509798349928025
0.19040080264802
0.32643150791378517
0.12473793548941081
0.3439370173284201
0.19499903956250708
0.2253723343102771
0.3656242932506387
0.1390229327268041
0.20112398295759543
0.29756149345610416
0.14658759592169612
0.1487389439209239
0.3889834358844788
0.33288907874912305
0.14407855992880575
0.10444603476629466
0.3290827494684894
0.15961529143153064
0.10837902758466267
0.20746365614621098
0.09060703996500602
0.15155313136366544
0.1758281567666865
0.17030208732205493
0.10207038670427282
0.09722371945738645
0.29254592538597013
0.130230227171872
0.18509798349928025
0.32643150791378517
0.12192067169783866
0.08733105529761981
0.1636415402961076
0.1660553741398711
0.1595029292827463
0.12476300305271387
0.09780700461649672
0.08594313355313277
0.16260071112710223
0.11775168955939053
0.2555701520731393
0.21740408151239204
0.19244718084165757
0.12745235545247607
0.1284323070631495
0.09417169028960337
0.24771012721454072
0.14445687456734885
0.17030208732205493
0.13964703774842063
0.07930463949168004
0.29254592538597013
0.29756149345610416
0.18226512438092568
0.12419764134328859
0.12844467015187877
0.29254592538597013
0.3290827494684894
0.17024733312767126
0.2185925200753978
0.17414967009461413
0.14860496043356425
0.14837954185311075
0.14860496043356425
0.25311892284617443
0.1758281567666865
0.12824275157554815
0.18226512438092568
0.12812496387762223
0.14718949434637613
0.24293627677303403
0.21325455626276418
0.19632678636376538
0.26044778365674537
0.164600531447043
0.14837954185311075
0.13531667761212401
0.11162910244535473
0.1636415402961076
0.23022114715331737
0.1847618591639703
0.21331728945839556
0.11922414053726577
0.3552725430622098
0.23768926106228683
0.08044668474864514
0.18179572079296524
0.32643150791378517
0.14871881194124958
0.3439370173284201
0.3333223828062779
0.17030208732205493
0.21590730401284075
0.22145790971777946
0.22145790971777946
0.13103433778871743
0.15919618651064416
0.29254592538597013
0.29254592538597013
0.15674558069294808
0.10444603476629466
0.19590625235772846
0.29254592538597013
0.30378167496438996
0.1875278391721109
0.09379890204828317
0.1849163659356302
0.18428310081435428
0.2636478498189418
0.15674558069294808
0.10207038670427282
0.12192067169783866
0.29254592538597013
0.1409059986456539
0.23308360581378473
0.18226512438092568
0.12192067169783866
0.12192067169783866
0.0985306661212137
0.18509798349928025
0.20541604176439432
0.2105863334416066
0.1627519411850481
0.2280512142304036
0.15617629416801787
0.1636415402961076
0.22640850108135263
0.32643150791378517
0.16164089625787248
0.24327215948246322
0.18994343428590965
0.19782028829716453
0.22145790971777946
0.21110615952935058
0.12218929501967002
0.29254592538597013
0.2805463933816368
0.11410437478629487
0.1322598014111538
0.29254592538597013
0.22979609430450004
0.14901798014926737
0.17120930011727642
0.29254592538597013
0.2223651225130009
0.08074217979149373
0.20409779771694875
0.1438538100968994
0.09029701557521752
0.253296099630513
0.17030208732205493
0.09722371945738645
0.11479631191364609
0.18509798349928025
0.32643150791378517
0.12192067169783866
0.08733105529761981
0.11121351282268377
0.1636415402961076
0.19391263374293494
0.20541604176439432
0.16072357492814549
0.10110261619205824
0.1627519411850481
0.22333946310602393
0.2292040002916768
0.1448131175218389
0.32643150791378517
0.28669229216676506
0.17479198999561102
0.20728531859460098
0.18464728937407832
0.12218929501967002
0.18226512438092568
0.12419764134328859
0.09383717721134249
0.29254592538597013
0.17024733312767126
0.18226512438092568
0.17062597830745285
0.2223651225130009
0.29254592538597013
0.36653150604585993
0.2713533937235168
0.18018644569156406
0.14837954185311075
0.19083357840957554
0.23434817822799958
0.14129571605076635
0.22145790971777946
0.1619049806345469
0.14837954185311075
0.26763322901348624
0.19632678636376538
0.3039342355416071
0.13888329442079073
0.14781828728898638
0.1636415402961076
0.23022114715331737
0.14951725106966907
0.12745235545247607
0.2685599039081163
0.3044649650922039
0.15617629416801787
0.14930239219397534
0.31398968474161126
0.3062809187812763
0.22443067269702544
0.2253723343102771
0.3552725430622098
0.18219016018444179
0.26633291838701934
0.29756149345610416
0.15883221047791768
0.29254592538597013
0.29254592538597013
0.32075884987681735
0.1979217558690305
0.16393505260937608
0.1549035403071511
0.3889834358844788
0.35588437332784845
0.2185925200753978
0.29781226387878906
0.2388619991194454
0.14901798014926737
0.2048833979320162
0.24178806122566415
0.22959358798487367
0.1847158487350682
0.18226512438092568
0.14837954185311075
0.29254592538597013
0.3755353858799377
0.14460693941550778
0.16800382014541004
0.29254592538597013
0.17472009412939976
0.20267015674038397
0.14154494999013778
0.18574997328142884
0.12522180089895402
0.24327215948246322
0.23768926106228683
0.31565580570799784
0.16762509240000323
0.19040080264802
0.10371856031559207
0.3005168846441184
0.22145790971777946
0.23907552184549508
0.22145790971777946
0.3552725430622098
0.29756149345610416
0.32643150791378517
0.3889834358844788
0.1979217558690305
0.14896815871351904
0.3889834358844788
0.2185925200753978
0.2851452431146466
0.21240312896417307
0.29254592538597013
0.17621128658511165
0.22008402863482668
0.1998827365086414
0.1847158487350682
0.208790888953637
0.16731074652544004
0.29254592538597013
0.16800382014541004
0.23308360581378473
0.14460693941550778
0.14837954185311075
0.29254592538597013
0.14062087346175922
0.23022114715331737
0.20267015674038397
0.16800382014541004
0.1636415402961076
0.2105863334416066
0.13686812913871188
0.28669229216676506
0.23768926106228683
0.3043878042740159
0.19040080264802
0.13686812913871188
0.28746392016890004
0.2555701520731393
0.22145790971777946
0.2468031223891759
0.22145790971777946
0.3552725430622098
0.15538853632508276
0.20112398295759543
0.29756149345610416
0.117215344657152
0.3889834358844788
0.3889834358844788
0.2966126700124003
0.13320942684419945
0.14112275408384278
0.17120930011727642
0.29254592538597013
0.36653150604585993
0.16743669767967317
0.17486081840796847
0.12235200946566782
0.1494204046581552
0.14860496043356425
0.17063301430975486
0.16762509240000323
0.14129571605076635
0.15674558069294808
0.11609398547100164
0.2293797701439274
0.21010725930478763
0.17575952448846677
0.14323305833255495
0.2060201640280418
0.12227623516336633
0.123323791672937
0.11333357829458707
0.14114426792392953
0.15907056212967846
0.28669229216676506
0.2280512142304036
0.12745235545247607
0.1284323070631495
0.32643150791378517
0.15907056212967846
0.24327215948246322
0.21110615952935058
0.12341321275324268
0.22979609430450004
0.29756149345610416
0.05646736274186104
0.12438474538455868
0.17659246634395798