0.968907738297028
0.968907738297028
1.0
0.9714454631983148
0.8751521042161499
0.9227867802629007
0.8946475084669792
0.968907738297028
0.968907738297028
0.9685757200246652
0.9298316129596024
0.9713709621096779
0.968907738297028
0.9288724388086659
0.9396567272519546
0.9694042782765248
0.968907738297028
0.9714454631983148
0.968907738297028
0.9714454631983148
0.9466530649026763
1.0
0.9227867802629007
1.0
0.8893650910416985
0.968907738297028
0.9158410836107526
0.8591503521491871
0.968907738297028
1.0
1.0
0.8621893353378788
0.9325544410347727
0.9219871826130644
1.0
0.9554630580117015
0.9325544410347727
0.9583861497612876
0.9325544410347727
0.968907738297028
0.9694042782765248
0.951051782462351
0.968907738297028
0.968907738297028
0.968907738297028
1.0
0.968907738297028
0.9325544410347727
0.9325544410347727
0.8967181425470487
1.0
0.9379799983011898
0.9685757200246652
1.0
1.0
0.9697709406848731
0.968907738297028
0.9543077481262591
0.9743508257063169
0.9396809602404296
0.9202490553616139
1.0
0.968907738297028
1.0
1.0
1.0
0.9086847478316558
0.8917581232979378
0.968907738297028
0.926071788442314
1.0
0.8552968731943144
1.0
0.8946475084669792
0.9325544410347727
1.0
0.8946475084669792
0.8974481588333311
0.9694042782765248
0.9083527295592928
1.0
0.9325544410347727
0.8231224025096399
0.9714454631983148
0.9694042782765248
1.0
1.0
1.0
0.919689046204448
0.9325544410347727
0.8294536488978745
0.9713709621096779
0.8941417369936031
1.0
1.0
0.968907738297028
1.0
0.9071639343917839
0.8769500614472107
0.9473313408996415
0.968907738297028
0.9325544410347727
0.9325544410347727
1.0
0.9554630580117015
1.0
0.9325544410347727
0.8354903570742849
1.0
0.91411753703426
0.9219871826130644
0.9583861497612876
0.9397770095346276
1.0
0.9694042782765248
0.9694042782765248
0.9694042782765248
0.9027644191995648
1.0
0.9202490553616139
0.8581216673340449
0.9227867802629007
0.9724588738936264
0.9685757200246652
0.968907738297028
0.9713709621096779
0.8410096826532499
0.8528210449309801
0.9685757200246652
0.9159155846993896
0.9713709621096779
0.962407940625803
0.9694042782765248
0.968907738297028
0.8561988996139827
0.9714454631983148
0.8835326172668421
0.968907738297028
0.9713709621096779
0.9694042782765248
0.9697709406848731
0.9379799983011898
0.9694042782765248
0.919689046204448
0.9325544410347727
1.0
0.9583861497612876
0.968907738297028
1.0
0.9325544410347727
1.0
0.9724588738936264
0.968907738297028
1.0
1.0
0.9714454631983148
0.9325544410347727
0.8916945185599288
0.9772487866261517
0.9724588738936264
0.8310560396567183
0.9772487866261517
0.8648057638651183
0.9386786789819013
0.9772487866261517
0.9714454631983148
0.9396809602404296
0.8934348017554405
1.0
0.9724588738936264
0.8990385628286024
1.0
0.8748328774087974
0.8596827082130011
1.0
0.9227867802629007
0.9129560530595447
1.0
0.8195272232392081
0.9694042782765248
0.9325544410347727
0.8908949209100925
1.0
0.9325544410347727
1.0
1.0
1.0
1.0
0.9272938880583157
0.9460969090337754
0.9325544410347727
0.919689046204448
0.9325544410347727
0.9227867802629007
0.886586709134571
0.9694042782765248
0.9086847478316558
0.9694042782765248
0.8561988996139827
0.8946475084669792
0.9694042782765248
0.9714454631983148
0.968907738297028
1.0
0.9272938880583157
0.9583861497612876
0.9772487866261517
0.8751521042161499
0.968907738297028
0.968907738297028
0.9325544410347727
0.9325544410347727
0.968907738297028
0.9685757200246652
0.9694042782765248
0.962407940625803
0.9086847478316558
0.968907738297028
1.0
0.9694042782765248
1.0
0.8795509783167137
0.9473313408996415
0.968907738297028
0.962407940625803
0.962407940625803
1.0
0.968907738297028
1.0
0.8982767170851906
0.8917581232979378
0.9545218062407782
1.0
0.9252339986965751
0.8648057638651183
0.9083527295592928
0.9714454631983148
0.8231224025096399
1.0
1.0
0.8848246006119502
0.9152125867119262
0.8751521042161499
1.0
1.0
0.9202490553616139
0.968907738297028
0.9325544410347727
0.9694042782765248
1.0
1.0
0.968907738297028
0.9583861497612876
0.9714454631983148
0.968907738297028
0.8368400152887233
0.9325544410347727
0.9202490553616139
0.9227867802629007
0.9697709406848731
0.9772487866261517
0.9714454631983148
0.9396567272519546
0.9325544410347727
0.9325544410347727
0.8974481588333311
0.9325544410347727
0.8927019120600115
0.9583861497612876
1.0
0.9714454631983148
0.9219893385571256
0.8510494247192592
0.8567008476531962
1.0
0.8946475084669792
1.0
0.9685757200246652
0.8195272232392081
1.0
1.0
0.9714454631983148
0.9209068416653946
0.902611949098558
0.9694042782765248
0.9325544410347727
0.9772487866261517
0.9224972456606659
0.9694042782765248
1.0
0.9159155846993896
0.9325544410347727
0.961108977836458
0.9694042782765248
0.9152125867119262
0.8431848192626139
0.9694042782765248
0.9460969090337754
0.9202490553616139
0.9227867802629007
0.9071639343917839
0.968907738297028
1.0
0.9714454631983148
0.9714454631983148
0.8917581232979378
0.912591506786766
1.0
1.0
0.9219871826130644
0.9325544410347727
0.968907738297028
0.9714454631983148
1.0
0.9714454631983148
0.962407940625803
0.8907085097143057
0.968907738297028
0.968907738297028
0.968907738297028
1.0
0.8606838512000222
0.9219893385571256
0.9460969090337754
0.968907738297028
0.9202490553616139
0.9543077481262591
0.968907738297028
0.8630879310127606
0.968907738297028
0.9227867802629007
0.968907738297028
0.9202490553616139
1.0
0.968907738297028
1.0
0.9583861497612876
1.0
0.9713709621096779
0.9325544410347727
0.9694042782765248
0.9325544410347727
0.9694042782765248
0.8528210449309801
0.8917581232979378
0.8797850636292084
0.8946475084669792
0.968907738297028
0.8743358931777331
0.9325544410347727
0.962407940625803
0.968907738297028
1.0
0.962407940625803
0.9685757200246652
0.968907738297028
1.0
0.8790509891050035
0.9132931096633284
0.9298316129596024
0.9298316129596024
1.0
0.9713709621096779
0.968907738297028
0.9714454631983148
1.0
0.9102317447472358
0.968907738297028
0.9694042782765248
1.0
0.8561988996139827
1.0
0.9724588738936264
0.9697709406848731
1.0
0.9694042782765248
0.9583861497612876
1.0
0.8916945185599288
0.9325544410347727
0.9694042782765248
0.9583861497612876
0.9694042782765248
0.9325544410347727
1.0
0.9325544410347727
1.0
0.9583861497612876
0.968907738297028
0.8946475084669792
0.9219871826130644
0.9694042782765248
0.8916945185599288
1.0
0.8934348017554405
1.0
0.8946475084669792
0.9559239966209766
1.0
0.968907738297028
0.8725977659262827
0.8974481588333311
0.8324779884354907
1.0
0.8987393512566304
0.9714454631983148
0.9107348603259562
1.0
0.9325544410347727
0.9697709406848731
0.968907738297028
0.9714454631983148
0.968907738297028
0.961108977836458
0.8830141664582156
0.9397770095346276
0.968907738297028
0.8725977659262827
0.8664529082361769
0.9694042782765248
0.8606838512000222
0.8941417369936031
0.968907738297028
0.9685757200246652
1.0
1.0
0.8946475084669792
1.0
0.8982767170851906
0.968907738297028
0.8946475084669792
0.9386786789819013
0.9252339986965751
0.9685757200246652
0.8746090992379487
0.9083527295592928
0.9685757200246652
1.0
0.9714454631983148
1.0
0.8305497253202997
0.9219871826130644
0.9694042782765248
0.9685757200246652
0.9694042782765248
1.0
0.9714454631983148
0.8725977659262827
0.8946475084669792
0.9685757200246652
0.8813266047896448
0.8916945185599288
0.9219871826130644
0.9237810949464464
0.9694042782765248
1.0
0.9713709621096779
0.8760716726888119
0.8779111792340412
0.9325544410347727
1.0
0.968907738297028
0.9694042782765248
1.0
0.968907738297028
1.0
0.8484718427411989
1.0
0.8528210449309801
0.9325544410347727
0.968907738297028
0.8421889459303974
0.9298316129596024
0.8941417369936031
0.9694042782765248
0.9325544410347727
0.968907738297028
0.8982767170851906
0.968907738297028
0.9685757200246652
1.0
0.9694042782765248
1.0
1.0
0.9694042782765248
0.9325544410347727
1.0
0.968907738297028
0.9386786789819013
0.8820159912428622
0.968907738297028
0.9202490553616139
0.9694042782765248
1.0
0.8934348017554405
0.8496197955009196
0.968907738297028
1.0
0.9685757200246652
1.0
0.9554630580117015
0.914241062185948
0.968907738297028
1.0
0.9685757200246652
0.9219871826130644
0.9724588738936264
0.968907738297028
0.968907738297028
0.9772487866261517
0.8982767170851906
0.9714454631983148
0.9694042782765248
1.0
0.9724588738936264
0.9714454631983148
1.0
0.9724588738936264
1.0
0.9697709406848731
0.8697335562989692
0.8200651055897153
0.9509386137616089
0.9668591440257693
0.9685757200246652
0.9730359813017716
0.8773181454196073
0.9668591440257693
0.9685757200246652
1.0
1.0
0.8805185835882657
0.9402787004067058
0.9402787004067058
0.9724588738936264
0.933916296791941
0.8129144710832592
0.9668591440257693
0.9665763824309239
0.9331970162356032
0.9497318935082529
0.908854420431371
0.9537338558466218
0.9497318935082529
0.9402179660090171
0.9077192926281404
0.9444701215010749
0.9170329744574346
1.0
0.951051782462351
0.8968188320657433
0.894779122417473
0.8766702939064909
0.9179109264881203
0.8218646482026445
0.908854420431371
0.9088028636245691
0.9668591440257693
1.0
0.9335529020993213
0.8726606187947945
0.9685757200246652
0.9668591440257693
0.9685757200246652
0.9730359813017716
0.8717190761213176
0.8378512663906926
0.9402787004067058
0.9668591440257693
0.908854420431371
1.0
0.9335529020993213
0.9665763824309239
0.9668591440257693
0.9088028636245691
0.9668591440257693
1.0
0.9724588738936264
0.933916296791941
0.9668591440257693
0.8856970275820484
0.9724588738936264
0.9141351259581992
1.0
0.9318878829072276
0.8622051486220815
0.951051782462351
0.9444701215010749
0.8961419626299937
0.902889678109921
0.912160760298809
0.8768026191798818
0.9724588738936264
1.0
0.951051782462351
0.9444701215010749
0.9438416246022483
0.894779122417473
1.0
0.9402179660090171
0.9179109264881203
0.9179109264881203
0.9242387011035709
0.951051782462351
0.9088028636245691
1.0
0.8417448039064174
0.8617593240977585
1.0
0.9685757200246652
0.8831420302065929
0.9169403183937129
0.8197991985044432
0.9713709621096779
0.961108977836458
0.8417448039064174
0.8789937270578375
0.8895007381694192
0.9088028636245691
0.8847402981326979
0.9497318935082529
1.0
0.9071378444324754
0.900280593232454
0.9497318935082529
0.894641057285329
0.891330482869057
0.867216360570384
0.8384827821548876
0.8780079064211933
0.8634010654417004
0.951051782462351
0.9444701215010749
0.9665763824309239
0.8927712175313997
0.910840871344711
0.9049388138397624
0.8567008476531962
0.82855976729753
0.8811889194377297
0.9469656814889443
0.8126764468592691
0.8874832240963186
0.9668591440257693
0.9179109264881203
0.8218646482026445
0.8862118581033999
0.9685757200246652
0.9668591440257693
1.0
0.9324178046675362
0.9324178046675362
0.8497770193132339
0.9685757200246652
1.0
0.9685757200246652
1.0
1.0
0.9266995362709854
0.9605169207975497
0.9334355264566934
0.9402787004067058
0.908854420431371
1.0
0.9335678517300844
0.933916296791941
0.9128381978558816
0.9668591440257693
0.9225003790519009
0.9772730196146265
0.9497318935082529
0.951051782462351
1.0
0.9685757200246652
0.9346940153776734
0.9444701215010749
1.0
0.8540756387945085
0.9724588738936264
1.0
0.951051782462351
0.9444701215010749
0.9559239966209766
0.8680803257058194
0.9217431411157014
1.0
0.8780230236003962
0.8502555440313359
0.908854420431371
0.9668591440257693
0.9668591440257693
0.8417448039064174
0.9249625321922116
0.9685757200246652
0.9668591440257693
0.9685757200246652
0.8997379062179927
0.8468144924263206
1.0
0.9713709621096779
1.0
0.8417448039064174
0.8789937270578375
0.9071378444324754
0.9668591440257693
0.9318878829072276
0.9724588738936264
0.9605169207975497
0.9071378444324754
0.9071378444324754
0.9062329975373751
0.9724588738936264
0.9685757200246652
0.8634010654417004
0.951051782462351
0.9665763824309239
0.9062329975373751
0.910840871344711
1.0
1.0
0.9053595305886102
0.8527428286867202
0.902889678109921
0.9217431411157014
1.0
0.9566675101657893
0.8490723864403881
0.9668591440257693
0.9179109264881203
0.8551195964004279
1.0
0.9668591440257693
0.9668591440257693
0.8417448039064174
0.9509386137616089
0.9668591440257693
0.9685757200246652
0.8520563230512651
0.9184671230215711
0.9226415941436499
0.8934553155328635
1.0
0.8417448039064174
0.8895007381694192
0.9823628937369437
0.9724588738936264
1.0
0.9071378444324754
0.9034751514864034
0.9062329975373751
0.9497318935082529
1.0
0.9685757200246652
0.9685757200246652
0.8780079064211933
0.951051782462351
1.0
1.0
0.9331970162356032
1.0
0.9444701215010749
0.8811889194377297
0.9503090009163981
0.9011376316668641
0.9351521024555891
0.8218646482026445
0.8292747963605434
0.908854420431371
0.9668591440257693
1.0
0.9335529020993213
0.8946026756028782
0.9685757200246652
0.9668591440257693
0.9685757200246652
0.9730359813017716
0.908854420431371
1.0
0.9685757200246652
1.0
0.9523487105646684
0.9605169207975497
0.9665763824309239
0.9668591440257693
0.908854420431371
0.8755759207770235
0.933916296791941
0.8603905311638353
0.9486439817243044
0.9497318935082529
1.0
0.8732688793671394
0.9497318935082529
1.0
0.9248317349180047
0.9331970162356032
0.961108977836458
0.8711696577720602
0.9559239966209766
0.902889678109921
0.894779122417473
1.0
1.0
1.0
0.9179109264881203
0.951051782462351
0.9088028636245691
0.9668591440257693
1.0
0.9605169207975497
0.902889678109921
0.9685757200246652
0.9668591440257693
0.9685757200246652
1.0
0.9730359813017716
0.8658288072153129
0.8411371951132087
0.9685757200246652
1.0
1.0
0.9543077481262591
0.9605169207975497
0.9668591440257693
0.9088028636245691
0.9566675101657893
0.8346488931587603
0.9668591440257693
0.9668591440257693
0.961108977836458
0.9685757200246652
0.8851957876243917
0.9402179660090171
0.9034004930270196
0.8968188320657433
1.0
0.9248317349180047
0.912160760298809
0.8630239324754172
0.951051782462351
0.8968188320657433
0.9438416246022483
0.9444701215010749
0.9444701215010749
1.0
0.9179109264881203
1.0
0.9088028636245691
0.9043585453997981
0.9685757200246652
0.9668591440257693
1.0
0.9730359813017716
0.9219871826130644
0.9668591440257693
0.9685757200246652
1.0
0.9724588738936264
1.0
0.9605169207975497
0.9334355264566934
0.9088028636245691
0.9668591440257693
0.9724588738936264
0.8346488931587603
0.9668591440257693
0.9668591440257693
0.9424622601322509
0.951051782462351
0.9685757200246652
0.9668591440257693
0.9497318935082529
0.9402179660090171
0.9034004930270196
0.9444701215010749
0.9402179660090171
0.902889678109921
0.8630239324754172
0.9034004930270196
0.8711696577720602
0.9559239966209766
0.9438416246022483
0.9175061028028465
1.0
1.0
0.9020043814025478
0.9179109264881203
0.9179109264881203
0.8073639119911579
0.9088028636245691
0.9668591440257693
1.0
0.8697335562989692
0.8151403640733809
0.9509386137616089
0.9668591440257693
0.9685757200246652
0.9324178046675362
0.9267019249162207
0.8280372363797048
0.9444615977259918
0.9685757200246652
1.0
0.912160760298809
0.9523487105646684
0.8972746824053426
0.8846763690280972
0.8847402981326979
1.0
0.9497318935082529
0.8227923440774015
0.9402787004067058
0.9713709621096779
0.9523487105646684
0.9102488143058027
0.9402179660090171
0.9077192926281404
0.9003941181220515
1.0
0.910840871344711
0.8846196341924354
1.0
0.951051782462351
0.8968188320657433
0.9011376316668641
0.8766702939064909
0.9668591440257693
0.9179109264881203
0.8168788252661893
0.8754308028622952
1.0